150213 1.0 0.000374272 0.999625728
160105 1.0 0.0031123 0.9968877
151553 1.0 0.00801105 0.99198895
139172 0.0 0.990741 0.990741
194965 1.0 0.0094663 0.9905337
132007 0.0 0.990302 0.990302
151872 1.0 0.0149674 0.9850326
167150 1.0 0.0170592 0.9829408
126012 0.0 0.980052 0.980052
118695 1.0 0.0234624 0.9765376
202831 1.0 0.023966 0.976034
136905 1.0 0.0243709 0.9756291
149989 1.0 0.0272208 0.9727792
149739 1.0 0.0282726 0.9717274
152231 1.0 0.0301803 0.9698197
127675 0.0 0.968985 0.968985
149968 1.0 0.0312677 0.9687323
142486 1.0 0.0336675 0.9663325
152234 1.0 0.0340918 0.9659082
160045 1.0 0.0344991 0.9655009
148432 1.0 0.0354044 0.9645956
201354 1.0 0.0379871 0.9620129
143749 1.0 0.0399435 0.9600565
185848 1.0 0.0413824 0.9586176
138575 0.0 0.957626 0.957626
150302 1.0 0.0425133 0.9574867
142530 0.0 0.957375 0.957375
203220 1.0 0.0433104 0.9566896
182963 1.0 0.0435641 0.9564359
195832 0.0 0.955732 0.955732
129525 0.0 0.954643 0.954643
189663 1.0 0.0460533 0.9539467
132144 0.0 0.952997 0.952997
138708 0.0 0.952271 0.952271
117973 0.0 0.952197 0.952197
194065 1.0 0.0492408 0.9507592
194698 0.0 0.950065 0.950065
127228 1.0 0.050341 0.949659
139241 0.0 0.948462 0.948462
142376 1.0 0.0543418 0.9456582
120375 0.0 0.944975 0.944975
150646 0.0 0.944593 0.944593
145557 1.0 0.0560021 0.9439979
186878 1.0 0.0560751 0.9439249
116285 0.0 0.943871 0.943871
160107 1.0 0.0564532 0.9435468
199867 0.0 0.942939 0.942939
138692 0.0 0.941297 0.941297
131659 1.0 0.0599035 0.9400965
149740 1.0 0.0605603 0.9394397
142429 1.0 0.0607597 0.9392403
128147 0.0 0.937631 0.937631
151908 1.0 0.0655843 0.9344157
121255 1.0 0.065646 0.934354
126543 0.0 0.93355 0.93355
178935 1.0 0.0667206 0.9332794
94725 0.0 0.930494 0.930494
118398 0.0 0.929986 0.929986
149884 1.0 0.0702026 0.9297974
192507 0.0 0.926215 0.926215
182985 1.0 0.0744957 0.9255043
139148 0.0 0.925323 0.925323
138707 0.0 0.925307 0.925307
148126 0.0 0.923977 0.923977
167922 0.0 0.923336 0.923336
145263 0.0 0.92306 0.92306
156278 1.0 0.0775234 0.9224766
150324 1.0 0.077972 0.922028
129567 0.0 0.921576 0.921576
118734 0.0 0.921204 0.921204
148645 1.0 0.0789137 0.9210863
136290 1.0 0.0797125 0.9202875
198512 1.0 0.0806708 0.9193292
128121 0.0 0.919082 0.919082
117221 1.0 0.08118 0.91882
155256 1.0 0.0816425 0.9183575
148476 1.0 0.081826 0.918174
150314 1.0 0.0838951 0.9161049
150374 1.0 0.0851014 0.9148986
138822 1.0 0.0862945 0.9137055
202833 1.0 0.0868665 0.9131335
197307 0.0 0.912269 0.912269
158044 0.0 0.911749 0.911749
152228 1.0 0.088339 0.911661
142876 0.0 0.910911 0.910911
150540 1.0 0.0898134 0.9101866
189695 0.0 0.909838 0.909838
120532 1.0 0.091149 0.908851
120814 1.0 0.0931256 0.9068744
198590 0.0 0.905995 0.905995
150742 0.0 0.905736 0.905736
198058 1.0 0.0943793 0.9056207
158946 1.0 0.0947495 0.9052505
128031 0.0 0.904176 0.904176
130880 0.0 0.903344 0.903344
174076 0.0 0.901985 0.901985
198938 0.0 0.901549 0.901549
126814 0.0 0.898919 0.898919
126152 0.0 0.898069 0.898069
135231 0.0 0.896391 0.896391
140165 1.0 0.103613 0.896387
150173 1.0 0.103901 0.896099
138148 1.0 0.105368 0.894632
142367 1.0 0.106202 0.893798
123680 0.0 0.893291 0.893291
136011 0.0 0.892146 0.892146
120948 0.0 0.890801 0.890801
157114 0.0 0.890394 0.890394
199611 1.0 0.110134 0.889866
126100 1.0 0.110793 0.889207
152955 1.0 0.112809 0.887191
126039 0.0 0.886533 0.886533
128258 0.0 0.886203 0.886203
183783 1.0 0.114145 0.885855
119860 1.0 0.114887 0.885113
148919 0.0 0.884634 0.884634
132854 0.0 0.884252 0.884252
132140 0.0 0.882689 0.882689
126807 0.0 0.882582 0.882582
120784 1.0 0.117941 0.882059
142504 0.0 0.880461 0.880461
147625 1.0 0.119967 0.880033
98398 0.0 0.879012 0.879012
119947 0.0 0.876576 0.876576
198835 1.0 0.124141 0.875859
142492 1.0 0.124369 0.875631
112564 1.0 0.12531 0.87469
152152 0.0 0.874509 0.874509
142984 1.0 0.127116 0.872884
150684 1.0 0.129072 0.870928
139179 0.0 0.869192 0.869192
126622 1.0 0.131113 0.868887
120710 0.0 0.868706 0.868706
156282 1.0 0.131335 0.868665
148252 1.0 0.131379 0.868621
139749 0.0 0.868219 0.868219
141292 0.0 0.867459 0.867459
146877 0.0 0.867115 0.867115
128978 0.0 0.865856 0.865856
123894 0.0 0.864863 0.864863
156736 0.0 0.864743 0.864743
94505 0.0 0.863988 0.863988
139125 0.0 0.863254 0.863254
148531 1.0 0.137325 0.862675
144158 0.0 0.862557 0.862557
181404 1.0 0.137461 0.862539
122151 0.0 0.860819 0.860819
132013 0.0 0.860607 0.860607
151681 0.0 0.860097 0.860097
154906 1.0 0.140587 0.859413
143257 0.0 0.858823 0.858823
141770 1.0 0.142083 0.857917
132008 0.0 0.857627 0.857627
179930 0.0 0.857072 0.857072
198678 0.0 0.8562 0.8562
138712 0.0 0.855992 0.855992
196984 0.0 0.855617 0.855617
127955 0.0 0.855573 0.855573
120385 0.0 0.855196 0.855196
173808 1.0 0.146472 0.853528
115766 0.0 0.853274 0.853274
203494 0.0 0.853052 0.853052
111214 1.0 0.147978 0.852022
151902 1.0 0.148528 0.851472
123411 0.0 0.851469 0.851469
139930 1.0 0.149807 0.850193
148977 0.0 0.850027 0.850027
136756 0.0 0.849957 0.849957
143706 1.0 0.150329 0.849671
148320 1.0 0.150612 0.849388
124118 0.0 0.848918 0.848918
157079 0.0 0.848292 0.848292
119531 0.0 0.847803 0.847803
158978 1.0 0.152209 0.847791
121486 0.0 0.8471 0.8471
118942 0.0 0.846974 0.846974
126531 0.0 0.846044 0.846044
142374 1.0 0.154424 0.845576
140449 0.0 0.845447 0.845447
121605 0.0 0.844802 0.844802
117213 1.0 0.155439 0.844561
147814 0.0 0.843196 0.843196
139153 0.0 0.842813 0.842813
142801 0.0 0.842728 0.842728
123107 0.0 0.842554 0.842554
186975 1.0 0.157557 0.842443
148238 1.0 0.157739 0.842261
190828 0.0 0.84205 0.84205
155656 0.0 0.84095 0.84095
132711 1.0 0.159836 0.840164
125339 0.0 0.839598 0.839598
148796 1.0 0.162137 0.837863
132125 0.0 0.837528 0.837528
172720 0.0 0.8372 0.8372
139259 0.0 0.836816 0.836816
152025 1.0 0.1632 0.8368
173767 0.0 0.836767 0.836767
153381 1.0 0.163903 0.836097
160404 0.0 0.83455 0.83455
135128 0.0 0.834462 0.834462
121454 0.0 0.834128 0.834128
196117 0.0 0.834084 0.834084
118741 0.0 0.834013 0.834013
129289 0.0 0.833402 0.833402
122820 0.0 0.832601 0.832601
128956 0.0 0.832569 0.832569
120736 1.0 0.167567 0.832433
199334 1.0 0.168086 0.831914
133785 1.0 0.168952 0.831048
182260 1.0 0.16977 0.83023
142673 1.0 0.170079 0.829921
151578 1.0 0.170874 0.829126
115772 0.0 0.828382 0.828382
116257 0.0 0.828131 0.828131
113420 0.0 0.828023 0.828023
109312 1.0 0.17272 0.82728
132038 0.0 0.827196 0.827196
127230 1.0 0.173891 0.826109
118155 0.0 0.824872 0.824872
129679 0.0 0.824575 0.824575
151876 1.0 0.175638 0.824362
139827 0.0 0.823609 0.823609
189288 1.0 0.177486 0.822514
115876 0.0 0.821945 0.821945
118680 0.0 0.821599 0.821599
120751 0.0 0.821268 0.821268
127774 0.0 0.82031 0.82031
122415 0.0 0.820082 0.820082
148056 0.0 0.820031 0.820031
150313 1.0 0.179969 0.820031
123321 0.0 0.820031 0.820031
150261 1.0 0.180271 0.819729
112895 0.0 0.819328 0.819328
123775 0.0 0.817829 0.817829
142245 1.0 0.184048 0.815952
129880 0.0 0.815388 0.815388
147289 0.0 0.815294 0.815294
146887 0.0 0.81528 0.81528
125733 1.0 0.18528 0.81472
127442 0.0 0.814572 0.814572
142981 1.0 0.18575 0.81425
139136 0.0 0.814128 0.814128
127259 1.0 0.186431 0.813569
119871 1.0 0.186621 0.813379
199511 1.0 0.187469 0.812531
150137 0.0 0.810663 0.810663
152220 1.0 0.189882 0.810118
133007 0.0 0.809797 0.809797
118033 1.0 0.190302 0.809698
153551 1.0 0.191358 0.808642
122195 0.0 0.808639 0.808639
129670 0.0 0.808251 0.808251
125967 0.0 0.80768 0.80768
128153 0.0 0.807501 0.807501
134819 0.0 0.806263 0.806263
121239 0.0 0.806005 0.806005
149752 1.0 0.195462 0.804538
149794 0.0 0.804165 0.804165
149986 1.0 0.196349 0.803651
118108 1.0 0.196556 0.803444
119005 1.0 0.196955 0.803045
123367 1.0 0.197033 0.802967
130258 0.0 0.802818 0.802818
161158 0.0 0.802811 0.802811
123534 0.0 0.80239 0.80239
138839 0.0 0.802001 0.802001
186269 0.0 0.801905 0.801905
157029 0.0 0.801422 0.801422
195887 1.0 0.199625 0.800375
150143 0.0 0.798913 0.798913
120638 0.0 0.798699 0.798699
167376 0.0 0.798324 0.798324
141772 1.0 0.202615 0.797385
158872 0.0 0.797138 0.797138
132693 1.0 0.20295 0.79705
132740 1.0 0.203141 0.796859
138819 1.0 0.203231 0.796769
150656 1.0 0.203398 0.796602
120827 0.0 0.795012 0.795012
148277 1.0 0.205174 0.794826
146548 0.0 0.794761 0.794761
131438 0.0 0.79455 0.79455
191033 1.0 0.205542 0.794458
158790 0.0 0.794024 0.794024
157089 1.0 0.206138 0.793862
200254 0.0 0.793604 0.793604
190063 0.0 0.793553 0.793553
138796 0.0 0.793264 0.793264
128018 0.0 0.793175 0.793175
139781 0.0 0.793045 0.793045
127564 0.0 0.792758 0.792758
152326 1.0 0.208822 0.791178
120885 0.0 0.790662 0.790662
180696 0.0 0.79047 0.79047
133711 0.0 0.790434 0.790434
121277 0.0 0.788716 0.788716
165907 0.0 0.787754 0.787754
147293 0.0 0.786525 0.786525
138373 1.0 0.21419 0.78581
146746 0.0 0.785127 0.785127
117072 0.0 0.784471 0.784471
139431 1.0 0.215686 0.784314
146882 0.0 0.783226 0.783226
148501 0.0 0.783151 0.783151
180746 0.0 0.782893 0.782893
198427 1.0 0.217476 0.782524
145026 1.0 0.217766 0.782234
116896 1.0 0.217841 0.782159
138592 0.0 0.781526 0.781526
121217 0.0 0.780407 0.780407
123108 0.0 0.779647 0.779647
130128 0.0 0.779637 0.779637
151883 1.0 0.220376 0.779624
121380 0.0 0.77955 0.77955
117620 0.0 0.779451 0.779451
116037 0.0 0.778773 0.778773
121490 0.0 0.7785 0.7785
157327 0.0 0.778297 0.778297
120701 0.0 0.777819 0.777819
129377 0.0 0.777473 0.777473
130811 0.0 0.776708 0.776708
117197 1.0 0.223549 0.776451
123777 1.0 0.223574 0.776426
130807 0.0 0.776007 0.776007
203233 0.0 0.775615 0.775615
121281 0.0 0.774581 0.774581
124399 0.0 0.774324 0.774324
143983 1.0 0.226318 0.773682
123110 0.0 0.773044 0.773044
202634 1.0 0.227042 0.772958
114706 0.0 0.772798 0.772798
146817 1.0 0.227226 0.772774
148231 0.0 0.772594 0.772594
174069 0.0 0.772557 0.772557
180748 0.0 0.771719 0.771719
177226 1.0 0.228602 0.771398
115813 0.0 0.771003 0.771003
94515 0.0 0.770876 0.770876
129673 0.0 0.770557 0.770557
150171 1.0 0.230247 0.769753
172056 0.0 0.768897 0.768897
117210 1.0 0.231126 0.768874
158199 0.0 0.767841 0.767841
123393 0.0 0.767258 0.767258
201175 0.0 0.767195 0.767195
117196 1.0 0.233245 0.766755
196825 0.0 0.765904 0.765904
121556 0.0 0.765397 0.765397
132730 1.0 0.23462 0.76538
129619 0.0 0.764916 0.764916
138289 0.0 0.764783 0.764783
127621 0.0 0.763996 0.763996
138681 0.0 0.763953 0.763953
148328 0.0 0.763348 0.763348
148229 1.0 0.236736 0.763264
118982 1.0 0.236801 0.763199
201486 1.0 0.236887 0.763113
176754 0.0 0.762875 0.762875
122747 0.0 0.7628 0.7628
149764 1.0 0.237572 0.762428
109150 0.0 0.760027 0.760027
155879 0.0 0.759741 0.759741
124227 0.0 0.759519 0.759519
110834 1.0 0.240769 0.759231
142238 0.0 0.758359 0.758359
137684 1.0 0.242027 0.757973
129690 0.0 0.757488 0.757488
202769 1.0 0.24271 0.75729
123415 0.0 0.75659 0.75659
139684 1.0 0.244055 0.755945
107514 0.0 0.755809 0.755809
189277 0.0 0.755463 0.755463
121996 0.0 0.755454 0.755454
122154 0.0 0.755042 0.755042
167823 0.0 0.753872 0.753872
125318 0.0 0.753643 0.753643
142331 0.0 0.753355 0.753355
151822 1.0 0.247204 0.752796
127199 0.0 0.750679 0.750679
126266 1.0 0.250688 0.749312
191008 0.0 0.749164 0.749164
164888 0.0 0.748973 0.748973
145262 1.0 0.25124 0.74876
149453 0.0 0.747848 0.747848
149139 0.0 0.746353 0.746353
156363 0.0 0.746309 0.746309
196020 0.0 0.746304 0.746304
123789 0.0 0.74598 0.74598
150172 1.0 0.254127 0.745873
126139 0.0 0.744772 0.744772
146924 0.0 0.742526 0.742526
142646 1.0 0.258386 0.741614
120761 1.0 0.259399 0.740601
141055 0.0 0.740349 0.740349
134954 0.0 0.739341 0.739341
142373 1.0 0.261376 0.738624
142377 1.0 0.261496 0.738504
189622 0.0 0.737331 0.737331
200981 0.0 0.737257 0.737257
121317 0.0 0.737159 0.737159
149013 0.0 0.73662 0.73662
129821 0.0 0.736078 0.736078
156642 0.0 0.735926 0.735926
197807 0.0 0.734936 0.734936
122507 0.0 0.734734 0.734734
114715 1.0 0.265288 0.734712
153685 1.0 0.265534 0.734466
124519 0.0 0.734227 0.734227
139418 1.0 0.265796 0.734204
153976 0.0 0.73367 0.73367
117485 0.0 0.733173 0.733173
150146 0.0 0.732654 0.732654
196888 1.0 0.267708 0.732292
140523 0.0 0.730494 0.730494
137829 1.0 0.270348 0.729652
198745 0.0 0.728688 0.728688
158448 0.0 0.728263 0.728263
196266 0.0 0.72804 0.72804
198595 0.0 0.727673 0.727673
121740 1.0 0.273449 0.726551
160968 0.0 0.726094 0.726094
160061 0.0 0.725094 0.725094
138923 0.0 0.723241 0.723241
160359 0.0 0.722689 0.722689
159829 0.0 0.722449 0.722449
120870 0.0 0.722155 0.722155
150304 1.0 0.279115 0.720885
127169 0.0 0.720124 0.720124
127614 0.0 0.719535 0.719535
151498 1.0 0.28053 0.71947
135314 0.0 0.719289 0.719289
196840 0.0 0.719219 0.719219
126632 0.0 0.718994 0.718994
124378 0.0 0.718904 0.718904
115568 0.0 0.718624 0.718624
140877 1.0 0.281433 0.718567
195036 0.0 0.716346 0.716346
150687 1.0 0.283703 0.716297
114705 0.0 0.715849 0.715849
129824 0.0 0.715637 0.715637
203502 0.0 0.715605 0.715605
116261 0.0 0.715367 0.715367
138678 0.0 0.71466 0.71466
193088 0.0 0.71456 0.71456
129823 0.0 0.713742 0.713742
151469 1.0 0.28634 0.71366
122190 0.0 0.713472 0.713472
156683 0.0 0.712316 0.712316
199449 0.0 0.710283 0.710283
150739 1.0 0.289863 0.710137
126784 1.0 0.290191 0.709809
150303 1.0 0.290464 0.709536
135161 0.0 0.709027 0.709027
138968 1.0 0.291641 0.708359
132416 1.0 0.292485 0.707515
129818 0.0 0.707493 0.707493
143898 0.0 0.70591 0.70591
135162 0.0 0.705595 0.705595
123174 0.0 0.705167 0.705167
189358 0.0 0.705152 0.705152
157978 0.0 0.704837 0.704837
160369 0.0 0.704744 0.704744
118148 0.0 0.703982 0.703982
143046 0.0 0.703428 0.703428
152620 0.0 0.702741 0.702741
152782 0.0 0.70273 0.70273
111612 0.0 0.701553 0.701553
148914 0.0 0.700956 0.700956
118004 1.0 0.299813 0.700187
158851 0.0 0.700007 0.700007
130896 0.0 0.699586 0.699586
133067 1.0 0.300578 0.699422
121596 0.0 0.699387 0.699387
112906 0.0 0.698518 0.698518
157042 0.0 0.697844 0.697844
150162 0.0 0.696976 0.696976
142378 1.0 0.303203 0.696797
198478 0.0 0.696158 0.696158
150617 0.0 0.695812 0.695812
117521 1.0 0.306035 0.693965
118759 0.0 0.69338 0.69338
119009 0.0 0.693042 0.693042
164914 0.0 0.692824 0.692824
149136 0.0 0.692517 0.692517
129654 0.0 0.691516 0.691516
126975 0.0 0.690384 0.690384
145084 1.0 0.309637 0.690363
150332 1.0 0.311962 0.688038
133770 0.0 0.686954 0.686954
118633 0.0 0.686798 0.686798
135309 0.0 0.6867 0.6867
157250 0.0 0.686383 0.686383
201114 0.0 0.686115 0.686115
142973 0.0 0.685025 0.685025
130167 1.0 0.315304 0.684696
151774 0.0 0.683378 0.683378
123105 0.0 0.68316 0.68316
121730 1.0 0.31687 0.68313
132930 1.0 0.316879 0.683121
129474 0.0 0.682993 0.682993
115548 0.0 0.682892 0.682892
157124 0.0 0.682075 0.682075
140339 0.0 0.681687 0.681687
168637 0.0 0.681674 0.681674
148102 1.0 0.318347 0.681653
197808 0.0 0.681237 0.681237
165246 0.0 0.681061 0.681061
160103 1.0 0.319001 0.680999
120891 0.0 0.680889 0.680889
123563 0.0 0.679729 0.679729
138601 0.0 0.679624 0.679624
189471 0.0 0.679601 0.679601
142325 0.0 0.679481 0.679481
136314 0.0 0.67913 0.67913
156750 0.0 0.67913 0.67913
153979 0.0 0.67862 0.67862
181994 0.0 0.678364 0.678364
150473 1.0 0.322169 0.677831
199168 0.0 0.677816 0.677816
158986 0.0 0.677725 0.677725
121597 1.0 0.322752 0.677248
152776 1.0 0.322874 0.677126
123364 0.0 0.67705 0.67705
118005 0.0 0.676995 0.676995
172063 1.0 0.323204 0.676796
139237 0.0 0.676537 0.676537
129541 0.0 0.676114 0.676114
197220 0.0 0.675805 0.675805
126512 0.0 0.675431 0.675431
150694 0.0 0.674629 0.674629
144088 0.0 0.674334 0.674334
159969 0.0 0.674237 0.674237
138893 0.0 0.674148 0.674148
122051 0.0 0.673893 0.673893
197367 0.0 0.673739 0.673739
137222 0.0 0.673526 0.673526
142348 0.0 0.673488 0.673488
195835 0.0 0.67331 0.67331
126011 0.0 0.673275 0.673275
146920 0.0 0.673162 0.673162
113748 0.0 0.673033 0.673033
94652 0.0 0.67292 0.67292
118947 0.0 0.672885 0.672885
150262 1.0 0.327206 0.672794
182529 0.0 0.672605 0.672605
203447 1.0 0.32744 0.67256
122720 0.0 0.672533 0.672533
198852 0.0 0.672246 0.672246
192146 0.0 0.67206 0.67206
129814 0.0 0.672049 0.672049
114713 0.0 0.671922 0.671922
202430 0.0 0.671644 0.671644
145972 1.0 0.328769 0.671231
197102 0.0 0.669543 0.669543
121708 0.0 0.669356 0.669356
155574 0.0 0.66926 0.66926
199475 0.0 0.668903 0.668903
125406 0.0 0.668028 0.668028
97297 0.0 0.667809 0.667809
128119 0.0 0.667508 0.667508
125966 0.0 0.667295 0.667295
129284 0.0 0.666832 0.666832
139713 0.0 0.66658 0.66658
122721 0.0 0.666503 0.666503
148269 1.0 0.333952 0.666048
150177 0.0 0.665412 0.665412
133440 0.0 0.665357 0.665357
111821 0.0 0.665272 0.665272
197262 0.0 0.664963 0.664963
118610 0.0 0.664933 0.664933
156855 0.0 0.663923 0.663923
119767 0.0 0.663523 0.663523
124566 0.0 0.663369 0.663369
127772 0.0 0.662952 0.662952
156764 1.0 0.337492 0.662508
110801 0.0 0.661445 0.661445
131836 0.0 0.661354 0.661354
148957 0.0 0.660914 0.660914
186371 1.0 0.3394 0.6606
157044 0.0 0.660252 0.660252
199152 0.0 0.659821 0.659821
150864 0.0 0.659144 0.659144
121381 0.0 0.658599 0.658599
121766 0.0 0.657892 0.657892
160362 0.0 0.657125 0.657125
203039 0.0 0.656432 0.656432
137819 1.0 0.343841 0.656159
138687 0.0 0.656065 0.656065
156619 0.0 0.655255 0.655255
150182 0.0 0.655125 0.655125
139338 0.0 0.654619 0.654619
137204 0.0 0.654528 0.654528
108368 0.0 0.654373 0.654373
113735 0.0 0.653696 0.653696
112539 0.0 0.652952 0.652952
118918 0.0 0.652864 0.652864
196883 0.0 0.652742 0.652742
122907 0.0 0.652351 0.652351
149816 1.0 0.348774 0.651226
199498 0.0 0.650347 0.650347
153878 0.0 0.650341 0.650341
120369 0.0 0.650326 0.650326
197273 1.0 0.349848 0.650152
150152 0.0 0.65006 0.65006
166366 0.0 0.649916 0.649916
109784 0.0 0.649812 0.649812
123162 0.0 0.649729 0.649729
174094 0.0 0.648975 0.648975
94723 0.0 0.648754 0.648754
118146 0.0 0.647288 0.647288
135631 1.0 0.353451 0.646549
194768 0.0 0.645204 0.645204
120738 0.0 0.645123 0.645123
118696 0.0 0.644809 0.644809
146131 1.0 0.355859 0.644141
172032 0.0 0.644077 0.644077
159360 0.0 0.643893 0.643893
96912 0.0 0.643762 0.643762
115759 0.0 0.643529 0.643529
159855 0.0 0.643494 0.643494
142363 1.0 0.356519 0.643481
135221 0.0 0.643233 0.643233
134160 0.0 0.64292 0.64292
181758 1.0 0.357703 0.642297
195794 0.0 0.641935 0.641935
196678 0.0 0.641649 0.641649
158393 0.0 0.641101 0.641101
194617 0.0 0.641085 0.641085
144323 0.0 0.640851 0.640851
119295 0.0 0.640818 0.640818
126537 0.0 0.64055 0.64055
111293 1.0 0.359521 0.640479
116678 1.0 0.359841 0.640159
142682 0.0 0.63918 0.63918
112849 0.0 0.638664 0.638664
133480 1.0 0.362595 0.637405
124483 0.0 0.637354 0.637354
133660 0.0 0.637236 0.637236
127233 1.0 0.363057 0.636943
159483 0.0 0.636516 0.636516
196115 0.0 0.635561 0.635561
202138 1.0 0.364673 0.635327
157195 0.0 0.635113 0.635113
135471 0.0 0.634884 0.634884
134835 0.0 0.634798 0.634798
120859 0.0 0.634432 0.634432
194561 1.0 0.365753 0.634247
154459 1.0 0.365784 0.634216
126117 0.0 0.633721 0.633721
141151 0.0 0.633561 0.633561
149571 1.0 0.366653 0.633347
117568 0.0 0.633149 0.633149
159608 0.0 0.632971 0.632971
133023 0.0 0.632389 0.632389
140308 0.0 0.632245 0.632245
122506 0.0 0.632192 0.632192
148280 1.0 0.367892 0.632108
186212 0.0 0.631986 0.631986
118981 0.0 0.631609 0.631609
143490 0.0 0.631069 0.631069
174426 0.0 0.630318 0.630318
146406 0.0 0.630111 0.630111
170730 0.0 0.629835 0.629835
139315 0.0 0.629609 0.629609
189097 0.0 0.629317 0.629317
118873 0.0 0.628828 0.628828
151592 0.0 0.628303 0.628303
120928 0.0 0.628069 0.628069
135548 0.0 0.628014 0.628014
146435 0.0 0.627954 0.627954
113472 0.0 0.627464 0.627464
123160 0.0 0.627179 0.627179
122514 0.0 0.625896 0.625896
148955 0.0 0.625037 0.625037
139819 1.0 0.37518 0.62482
123647 0.0 0.624768 0.624768
150149 0.0 0.624611 0.624611
157031 0.0 0.624587 0.624587
130255 1.0 0.37542 0.62458
122511 0.0 0.62457 0.62457
140511 0.0 0.624383 0.624383
199407 0.0 0.624113 0.624113
118167 0.0 0.624105 0.624105
135254 0.0 0.623979 0.623979
139690 0.0 0.623103 0.623103
154481 0.0 0.623032 0.623032
113495 0.0 0.622846 0.622846
165139 0.0 0.622437 0.622437
120713 0.0 0.621973 0.621973
118039 1.0 0.378225 0.621775
138278 0.0 0.621569 0.621569
159606 0.0 0.620917 0.620917
153555 1.0 0.379588 0.620412
174429 0.0 0.620405 0.620405
138695 0.0 0.619892 0.619892
118737 0.0 0.619562 0.619562
143577 0.0 0.619513 0.619513
150448 1.0 0.380495 0.619505
129038 0.0 0.619333 0.619333
150116 0.0 0.619003 0.619003
127890 0.0 0.618796 0.618796
131597 0.0 0.618608 0.618608
147839 0.0 0.618446 0.618446
160081 1.0 0.382002 0.617998
129689 0.0 0.61775 0.61775
164905 0.0 0.617668 0.617668
166651 0.0 0.616821 0.616821
192150 1.0 0.38337 0.61663
120699 0.0 0.616617 0.616617
128224 0.0 0.616559 0.616559
196023 0.0 0.616547 0.616547
122237 0.0 0.616546 0.616546
115915 0.0 0.616302 0.616302
138786 0.0 0.616182 0.616182
126752 0.0 0.615755 0.615755
152537 0.0 0.615496 0.615496
121388 0.0 0.615259 0.615259
177207 0.0 0.615051 0.615051
129568 0.0 0.613955 0.613955
177535 0.0 0.613675 0.613675
155903 0.0 0.613187 0.613187
157703 0.0 0.613006 0.613006
120892 1.0 0.387125 0.612875
152535 0.0 0.612184 0.612184
151454 1.0 0.388099 0.611901
135129 0.0 0.611451 0.611451
167929 0.0 0.611062 0.611062
163754 0.0 0.61095 0.61095
176760 0.0 0.610846 0.610846
137216 0.0 0.610774 0.610774
125410 0.0 0.610547 0.610547
127524 0.0 0.610508 0.610508
124577 0.0 0.610391 0.610391
135084 0.0 0.610339 0.610339
151354 1.0 0.390048 0.609952
143986 0.0 0.609806 0.609806
165263 0.0 0.60941 0.60941
168668 0.0 0.609342 0.609342
163733 0.0 0.609194 0.609194
202855 1.0 0.391114 0.608886
133450 0.0 0.608518 0.608518
157407 0.0 0.60844 0.60844
128038 0.0 0.607713 0.607713
123778 0.0 0.607646 0.607646
120527 1.0 0.392489 0.607511
122148 0.0 0.607115 0.607115
127499 0.0 0.607105 0.607105
158512 0.0 0.606338 0.606338
202105 1.0 0.394033 0.605967
160905 1.0 0.394158 0.605842
134163 0.0 0.605745 0.605745
123989 1.0 0.394556 0.605444
149814 0.0 0.605347 0.605347
138369 1.0 0.394879 0.605121
152533 0.0 0.604621 0.604621
144962 0.0 0.604222 0.604222
150189 1.0 0.395895 0.604105
138229 0.0 0.603429 0.603429
202754 0.0 0.602833 0.602833
123414 0.0 0.602658 0.602658
184017 0.0 0.602596 0.602596
113170 0.0 0.602507 0.602507
126086 0.0 0.602352 0.602352
118171 0.0 0.601981 0.601981
143523 0.0 0.601755 0.601755
134218 0.0 0.601611 0.601611
121747 0.0 0.601483 0.601483
166352 0.0 0.601092 0.601092
126112 0.0 0.601077 0.601077
126291 0.0 0.600988 0.600988
133921 0.0 0.60076 0.60076
142523 0.0 0.600405 0.600405
127271 0.0 0.600322 0.600322
160321 0.0 0.599674 0.599674
129816 0.0 0.59928 0.59928
124122 0.0 0.599171 0.599171
156680 0.0 0.598873 0.598873
158834 0.0 0.598369 0.598369
178987 0.0 0.597868 0.597868
121069 0.0 0.597667 0.597667
150229 1.0 0.402588 0.597412
124495 0.0 0.596727 0.596727
199518 0.0 0.596333 0.596333
197116 0.0 0.596008 0.596008
151458 1.0 0.404184 0.595816
147438 1.0 0.405026 0.594974
199521 0.0 0.594973 0.594973
150180 1.0 0.405086 0.594914
173548 1.0 0.405418 0.594582
196009 0.0 0.594567 0.594567
148047 1.0 0.405551 0.594449
190020 0.0 0.594442 0.594442
148073 0.0 0.594265 0.594265
123699 1.0 0.406471 0.593529
203499 0.0 0.593116 0.593116
195819 0.0 0.593031 0.593031
201288 0.0 0.593008 0.593008
201170 0.0 0.592801 0.592801
129881 0.0 0.59238 0.59238
138288 0.0 0.591786 0.591786
139673 0.0 0.591274 0.591274
199532 0.0 0.59113 0.59113
192143 0.0 0.590842 0.590842
127769 0.0 0.590744 0.590744
122879 0.0 0.590468 0.590468
152678 1.0 0.409582 0.590418
130225 0.0 0.590242 0.590242
179928 0.0 0.589631 0.589631
120411 0.0 0.589524 0.589524
120633 1.0 0.411203 0.588797
115769 0.0 0.588708 0.588708
121893 0.0 0.588217 0.588217
118081 1.0 0.412048 0.587952
189466 0.0 0.587617 0.587617
127990 0.0 0.587613 0.587613
129331 0.0 0.58749 0.58749
120641 1.0 0.412969 0.587031
131558 0.0 0.586639 0.586639
141212 0.0 0.586513 0.586513
115467 0.0 0.586513 0.586513
194661 0.0 0.586264 0.586264
148020 1.0 0.414222 0.585778
128252 0.0 0.585751 0.585751
151232 0.0 0.585457 0.585457
123157 0.0 0.585225 0.585225
155120 0.0 0.585174 0.585174
136929 1.0 0.415638 0.584362
126245 0.0 0.584229 0.584229
146796 1.0 0.416074 0.583926
134158 0.0 0.583912 0.583912
184014 0.0 0.583885 0.583885
130845 0.0 0.58382 0.58382
115807 1.0 0.416362 0.583638
124120 0.0 0.583544 0.583544
152316 0.0 0.583432 0.583432
196512 0.0 0.583279 0.583279
174310 0.0 0.582732 0.582732
120889 0.0 0.582459 0.582459
195816 0.0 0.58214 0.58214
194635 1.0 0.417896 0.582104
120627 0.0 0.581778 0.581778
196282 0.0 0.581586 0.581586
126816 0.0 0.581544 0.581544
201313 0.0 0.581505 0.581505
120790 0.0 0.581503 0.581503
112516 0.0 0.581192 0.581192
104946 0.0 0.580838 0.580838
129837 0.0 0.580806 0.580806
142221 0.0 0.580667 0.580667
148907 0.0 0.580333 0.580333
177546 0.0 0.58032 0.58032
148402 1.0 0.420293 0.579707
128189 0.0 0.579557 0.579557
132027 0.0 0.579408 0.579408
111082 0.0 0.57934 0.57934
96944 0.0 0.578952 0.578952
199735 0.0 0.578781 0.578781
115603 0.0 0.578752 0.578752
157832 0.0 0.578345 0.578345
168092 0.0 0.577966 0.577966
121770 0.0 0.577869 0.577869
142647 1.0 0.422376 0.577624
160099 0.0 0.577491 0.577491
152028 0.0 0.577295 0.577295
124051 0.0 0.576752 0.576752
100975 0.0 0.576567 0.576567
137196 0.0 0.575072 0.575072
122229 0.0 0.574962 0.574962
148154 1.0 0.425701 0.574299
144411 0.0 0.573649 0.573649
197224 0.0 0.573622 0.573622
148316 0.0 0.573573 0.573573
124185 0.0 0.573554 0.573554
132457 0.0 0.573523 0.573523
146803 1.0 0.42649 0.57351
149761 1.0 0.426805 0.573195
127753 0.0 0.573147 0.573147
123062 1.0 0.427249 0.572751
121018 0.0 0.572742 0.572742
159941 0.0 0.57243 0.57243
140274 0.0 0.572001 0.572001
152290 0.0 0.571948 0.571948
189930 0.0 0.571771 0.571771
203496 0.0 0.571423 0.571423
144419 0.0 0.571083 0.571083
135247 0.0 0.570882 0.570882
143824 0.0 0.570805 0.570805
169223 0.0 0.5704 0.5704
160859 0.0 0.570119 0.570119
118940 0.0 0.569632 0.569632
134959 0.0 0.56936 0.56936
157869 0.0 0.569251 0.569251
194572 0.0 0.569237 0.569237
200983 0.0 0.569152 0.569152
121607 1.0 0.431041 0.568959
197612 0.0 0.568793 0.568793
122949 0.0 0.568485 0.568485
154832 0.0 0.567983 0.567983
153127 0.0 0.567924 0.567924
143428 0.0 0.567788 0.567788
147624 1.0 0.432273 0.567727
150148 0.0 0.567535 0.567535
160363 0.0 0.566471 0.566471
123039 0.0 0.565951 0.565951
152260 0.0 0.565774 0.565774
179242 0.0 0.56545 0.56545
149795 0.0 0.565405 0.565405
186948 0.0 0.564863 0.564863
138598 0.0 0.564674 0.564674
127707 0.0 0.564527 0.564527
202415 0.0 0.564402 0.564402
129681 0.0 0.563919 0.563919
190085 0.0 0.563733 0.563733
166343 0.0 0.562653 0.562653
118967 0.0 0.562384 0.562384
149091 0.0 0.562055 0.562055
151223 0.0 0.561596 0.561596
160901 0.0 0.561367 0.561367
146787 0.0 0.561157 0.561157
195672 0.0 0.560629 0.560629
123787 1.0 0.439862 0.560138
120871 0.0 0.559766 0.559766
173624 0.0 0.559689 0.559689
129055 0.0 0.559686 0.559686
121771 0.0 0.559658 0.559658
138711 0.0 0.55928 0.55928
158511 0.0 0.558995 0.558995
189538 1.0 0.441032 0.558968
120971 0.0 0.558874 0.558874
159921 0.0 0.558638 0.558638
157768 0.0 0.558532 0.558532
134084 0.0 0.558502 0.558502
148255 0.0 0.558275 0.558275
163981 0.0 0.558257 0.558257
158102 0.0 0.557506 0.557506
149021 1.0 0.442867 0.557133
199711 0.0 0.556764 0.556764
159809 0.0 0.556116 0.556116
154945 1.0 0.443965 0.556035
138025 0.0 0.555169 0.555169
122512 0.0 0.555024 0.555024
139701 0.0 0.554658 0.554658
165377 0.0 0.554641 0.554641
181616 0.0 0.554563 0.554563
118173 1.0 0.445538 0.554462
118211 0.0 0.554418 0.554418
174072 0.0 0.554126 0.554126
148828 0.0 0.554106 0.554106
199519 1.0 0.445952 0.554048
164899 0.0 0.55403 0.55403
150185 1.0 0.446107 0.553893
139167 0.0 0.553582 0.553582
158420 0.0 0.553552 0.553552
142563 0.0 0.553108 0.553108
199493 0.0 0.552837 0.552837
115551 0.0 0.552489 0.552489
148032 1.0 0.447645 0.552355
129075 1.0 0.448014 0.551986
156354 0.0 0.551956 0.551956
144333 0.0 0.551695 0.551695
118169 0.0 0.551632 0.551632
147044 0.0 0.551548 0.551548
200141 0.0 0.551313 0.551313
123784 0.0 0.551205 0.551205
129825 0.0 0.550883 0.550883
147968 0.0 0.550755 0.550755
136780 0.0 0.550665 0.550665
126299 0.0 0.550654 0.550654
122197 0.0 0.550279 0.550279
156493 0.0 0.550233 0.550233
139620 0.0 0.550082 0.550082
140639 0.0 0.549938 0.549938
142131 1.0 0.450402 0.549598
199126 0.0 0.54954 0.54954
161122 1.0 0.450681 0.549319
162020 0.0 0.549021 0.549021
127427 0.0 0.548914 0.548914
157036 0.0 0.548821 0.548821
152873 0.0 0.54851 0.54851
159736 0.0 0.548314 0.548314
127679 0.0 0.548012 0.548012
167879 0.0 0.54782 0.54782
196383 0.0 0.54777 0.54777
186599 0.0 0.547715 0.547715
124173 1.0 0.452356 0.547644
196232 1.0 0.453238 0.546762
142257 1.0 0.453475 0.546525
123052 0.0 0.546519 0.546519
130155 1.0 0.453589 0.546411
194864 0.0 0.546371 0.546371
128732 0.0 0.5459 0.5459
125440 0.0 0.54586 0.54586
147049 0.0 0.545157 0.545157
155721 0.0 0.545027 0.545027
118950 0.0 0.54493 0.54493
126708 0.0 0.544637 0.544637
199823 0.0 0.544636 0.544636
117553 1.0 0.455676 0.544324
121578 0.0 0.543912 0.543912
147980 0.0 0.543715 0.543715
121588 0.0 0.543708 0.543708
195152 0.0 0.543699 0.543699
129090 0.0 0.543202 0.543202
157779 0.0 0.542947 0.542947
158943 0.0 0.542674 0.542674
120435 0.0 0.542184 0.542184
115777 0.0 0.542012 0.542012
144367 0.0 0.541581 0.541581
135312 0.0 0.541306 0.541306
113684 0.0 0.541264 0.541264
127225 0.0 0.540772 0.540772
190398 0.0 0.540738 0.540738
143037 0.0 0.540527 0.540527
156592 0.0 0.539725 0.539725
133648 0.0 0.539601 0.539601
118433 0.0 0.539454 0.539454
157292 0.0 0.53905 0.53905
144032 1.0 0.461213 0.538787
135339 0.0 0.538531 0.538531
120880 0.0 0.53823 0.53823
129185 0.0 0.53791 0.53791
123371 1.0 0.462896 0.537104
117251 0.0 0.537076 0.537076
148463 0.0 0.537032 0.537032
199474 0.0 0.536903 0.536903
137492 0.0 0.536624 0.536624
121344 0.0 0.536289 0.536289
159922 0.0 0.535478 0.535478
124183 0.0 0.534669 0.534669
129840 0.0 0.53409 0.53409
115334 0.0 0.534081 0.534081
119910 0.0 0.533824 0.533824
157008 1.0 0.466425 0.533575
130813 0.0 0.532959 0.532959
197301 0.0 0.532638 0.532638
163720 0.0 0.532418 0.532418
149130 0.0 0.532252 0.532252
119427 0.0 0.532199 0.532199
129848 0.0 0.532048 0.532048
111072 0.0 0.531982 0.531982
156517 0.0 0.531846 0.531846
198425 1.0 0.468363 0.531637
141364 0.0 0.531424 0.531424
130848 0.0 0.531363 0.531363
140546 0.0 0.530967 0.530967
123780 0.0 0.53086 0.53086
152503 0.0 0.530786 0.530786
110242 1.0 0.469877 0.530123
121594 1.0 0.469972 0.530028
152162 1.0 0.470362 0.529638
115764 0.0 0.529352 0.529352
142222 0.0 0.529034 0.529034
189492 1.0 0.471047 0.528953
94659 0.0 0.528858 0.528858
120896 0.0 0.52876 0.52876
126758 0.0 0.528609 0.528609
116770 0.0 0.52847 0.52847
135230 0.0 0.528126 0.528126
156323 0.0 0.528095 0.528095
120800 1.0 0.472067 0.527933
138694 0.0 0.527647 0.527647
160970 0.0 0.527021 0.527021
130883 0.0 0.527013 0.527013
174092 0.0 0.526507 0.526507
121865 0.0 0.526374 0.526374
123519 0.0 0.526358 0.526358
130794 0.0 0.526178 0.526178
197050 0.0 0.525934 0.525934
158718 0.0 0.525578 0.525578
120421 0.0 0.525461 0.525461
152416 0.0 0.525445 0.525445
158841 0.0 0.525406 0.525406
142193 0.0 0.524745 0.524745
133062 1.0 0.476339 0.523661
148821 0.0 0.52342 0.52342
133510 0.0 0.523237 0.523237
158626 0.0 0.52311 0.52311
203504 0.0 0.522617 0.522617
149811 0.0 0.522346 0.522346
156907 0.0 0.52188 0.52188
158007 0.0 0.521822 0.521822
147234 0.0 0.520963 0.520963
170725 0.0 0.520397 0.520397
123457 1.0 0.47986 0.52014
148115 0.0 0.519403 0.519403
126127 0.0 0.519059 0.519059
121633 0.0 0.518877 0.518877
158983 0.0 0.518859 0.518859
160472 0.0 0.518724 0.518724
196438 0.0 0.518577 0.518577
201922 0.0 0.518451 0.518451
129417 0.0 0.518149 0.518149
121238 0.0 0.51802 0.51802
139657 0.0 0.517863 0.517863
123794 0.0 0.517729 0.517729
123586 0.0 0.51732 0.51732
161660 0.0 0.517244 0.517244
201690 0.0 0.517203 0.517203
150204 1.0 0.482848 0.517152
122905 0.0 0.516732 0.516732
145907 0.0 0.516675 0.516675
126453 0.0 0.516565 0.516565
163659 0.0 0.51649 0.51649
145257 1.0 0.483625 0.516375
202112 1.0 0.483657 0.516343
169805 1.0 0.483996 0.516004
140740 0.0 0.515785 0.515785
200937 0.0 0.515602 0.515602
141767 1.0 0.484694 0.515306
199750 0.0 0.515164 0.515164
151099 1.0 0.484861 0.515139
122134 0.0 0.513712 0.513712
120890 0.0 0.513476 0.513476
120964 0.0 0.513305 0.513305
121723 0.0 0.513156 0.513156
132777 1.0 0.486876 0.513124
127203 0.0 0.513058 0.513058
121016 0.0 0.513035 0.513035
150119 0.0 0.512997 0.512997
197167 0.0 0.512959 0.512959
160044 0.0 0.512789 0.512789
201435 0.0 0.512767 0.512767
193565 0.0 0.512651 0.512651
151442 0.0 0.512628 0.512628
164923 0.0 0.512606 0.512606
150737 0.0 0.512143 0.512143
156685 0.0 0.511642 0.511642
128041 0.0 0.511464 0.511464
130122 0.0 0.510891 0.510891
142460 0.0 0.510824 0.510824
191465 0.0 0.510726 0.510726
124520 0.0 0.510674 0.510674
134680 0.0 0.510673 0.510673
148543 1.0 0.489521 0.510479
138037 0.0 0.509836 0.509836
157563 1.0 0.490195 0.509805
133437 0.0 0.509432 0.509432
139689 0.0 0.5092 0.5092
149520 0.0 0.509139 0.509139
123038 1.0 0.490938 0.509062
127704 0.0 0.508856 0.508856
198997 0.0 0.508474 0.508474
129902 0.0 0.50822 0.50822
118551 0.0 0.508062 0.508062
123098 0.0 0.507986 0.507986
160406 0.0 0.507921 0.507921
129914 0.0 0.507675 0.507675
132852 0.0 0.507652 0.507652
126516 0.0 0.507601 0.507601
120486 0.0 0.507497 0.507497
134436 0.0 0.507206 0.507206
112643 0.0 0.506913 0.506913
123129 0.0 0.506703 0.506703
167807 0.0 0.506363 0.506363
146863 0.0 0.505781 0.505781
197635 0.0 0.505766 0.505766
130251 1.0 0.494336 0.505664
143034 0.0 0.50555 0.50555
195679 0.0 0.50475 0.50475
118459 0.0 0.504247 0.504247
159777 0.0 0.503927 0.503927
127432 0.0 0.503762 0.503762
112527 0.0 0.503725 0.503725
127436 0.0 0.503491 0.503491
199535 0.0 0.502937 0.502937
142313 0.0 0.50277 0.50277
129531 0.0 0.502715 0.502715
157201 0.0 0.502581 0.502581
153400 0.0 0.502565 0.502565
120635 1.0 0.497839 0.502161
166451 0.0 0.501862 0.501862
118046 1.0 0.498144 0.501856
202836 0.0 0.501831 0.501831
142511 0.0 0.501817 0.501817
155583 0.0 0.501681 0.501681
129828 0.0 0.501263 0.501263
145236 0.0 0.501043 0.501043
125294 0.0 0.50103 0.50103
127403 0.0 0.50006 0.50006
