5011715 1
4939812 1
4968581 0
5003431 0
5049545 1
5064027 1
5046384 1
5065923 1
5011588 0
5066714 0
5052247 0
5022838 1
4864478 1
4516921 1
5042446 0
5005436 0
5040935 1
4806141 0
4977745 1
5006863 1
5052351 1
5049298 0
4844001 1
5050080 0
5025803 1
4879125 1
4800987 1
4966921 0
5005428 1
4967086 1
4967257 0
4870979 1
4979229 0
4894462 0
5050128 0
5006862 1
4857449 1
5024425 0
4861199 1
4861195 1
4589144 1
4967130 0
4813209 0
5041319 0
4279315 1
4973186 1
5024082 0
4974426 0
5065474 1
5011584 1
5024084 0
4977671 1
4880425 0
4823796 1
5050256 1
5011627 0
5041232 0
5052359 1
5053684 0
4958505 0
5049537 0
5024121 1
5024731 1
4806117 1
4928067 1
5049220 0
4861216 0
5050072 1
4879137 0
4966734 1
4967010 1
5049395 0
4979207 1
5003541 1
5011529 0
4969203 1
5065474 0
5011673 1
4823811 1
5063544 1
5064035 0
4966734 0
4975188 1
4279301 1
3502345 1
5052204 1
4845071 1
5050273 1
5042404 0
4840097 0
5005357 1
4861040 1
5017629 1
5049255 0
5003435 1
5053715 0
4824299 0
5032985 1
5005431 0
5052247 1
4820478 0
5052328 0
4844044 0
4857408 0
5031624 0
5049513 1
5032985 0
5063913 0
5017833 0
4879118 0
4967010 0
5065827 0
4864497 0
4863270 0
5052212 1
4977700 0
4861032 0
5031425 1
4973220 0
4967086 0
5024443 0
5049315 0
4797449 1
5032952 0
4870965 0
5011537 1
4091886 1
3502293 1
5052178 1
5011636 1
4974559 1
4894444 1
5024074 0
5065925 1
4873471 0
5024457 0
4975664 1
5056267 0
4973191 0
5041117 0
4861080 1
4843995 0
5022770 0
4948014 1
5041294 0
5053665 1
5017631 0
5011714 1
5003435 0
5063523 1
5024065 0
5049543 1
5011315 0
4849503 0
4845441 0
4849522 0
5048473 1
4967002 1
5066993 1
4806203 1
4813199 1
4876759 1
4967124 1
5011621 0
4137928 0
4840067 1
4863272 1
4565865 0
5011313 1
5041237 0
5055476 0
5024046 1
5022842 0
5005456 1
5065898 1
5048273 1
5063527 1
5055802 0
4870938 1
5065826 0
5052265 1
4840095 0
5006861 1
5024600 1
5022773 0
5024444 0
5031569 1
5017904 1
5003541 0
5050080 1
4967094 1
5052344 1
5011627 1
5005429 0
5011608 1
5042495 0
5052195 0
4861138 1
5063529 0
3510713 1
4973259 1
5055323 0
4590006 0
5011529 1
4966921 1
4813229 1
4977727 0
5024045 0
5024101 1
4158291 1
4861043 1
4967028 0
4967078 1
5065505 1
4894462 1
5024041 1
4974580 1
5011601 1
5050156 1
5049544 0
4973259 0
5065609 1
5048482 0
5007142 1
4861066 0
5005438 1
4894451 0
4975589 1
4978952 0
5052200 1
4975147 0
5041139 1
4845411 1
4587165 0
5022683 0
5052282 0
5052230 1
5005441 0
5055480 0
4279315 0
4968894 1
4874729 0
4820480 1
4857401 0
4861066 1
4956343 0
5022772 0
4829631 1
4842689 1
5050115 1
5049450 1
4861967 0
5022776 1
4979206 1
4849527 1
4975215 0
4870952 1
5042450 0
5063956 1
5052175 0
5024445 1
5024101 0
5012016 1
4948649 0
5050156 0
5041167 1
5017630 0
4968581 1
4966904 1
4824299 1
5011608 0
5024420 1
5056289 0
5011645 0
4876762 1
5056307 0
5050089 1
4137928 1
5065827 1
4973187 1
4939812 0
4919166 1
5052230 0
4975611 0
4975180 1
5017629 0
5048295 0
4977738 1
5052351 0
4516921 0
5011616 0
5005466 1
4813121 0
5011635 1
5031414 0
5024048 0
5049303 1
5065465 1
4091921 1
5022756 1
4279301 0
5064035 1
5022752 1
5060463 1
4967124 0
4849487 0
4977709 0
5065809 0
4968752 1
5066965 1
4975643 0
3502293 0
5065897 0
5065893 0
5024076 0
4861073 0
4813104 0
5026431 1
5066911 1
5024244 1
4967036 1
5017863 1
5065505 0
5024059 1
5063501 1
5024445 0
4823917 1
5052340 0
5042498 0
4823811 0
5066709 0
5052328 1
4975147 1
5011492 0
5005447 1
5063535 0
4820480 0
5025803 0
5065484 1
4948649 1
5003509 1
5022780 0
4871008 0
5006863 0
5011600 1
4861159 1
5024607 0
5017885 1
5063544 0
5066682 0
4968894 0
4948019 0
5022752 0
4966986 0
5024425 1
5052340 1
4824279 0
4978952 1
4840062 1
5049220 1
5063913 1
5049474 0
4840083 0
5049303 0
4091891 0
4894433 0
4968636 0
5005450 0
4894479 0
5005426 1
5024066 1
5017836 0
4797629 1
5042631 0
5052263 1
4091885 1
5032952 1
4931965 1
5024456 0
5052191 0
5052175 1
4849917 1
4876760 0
4879118 1
4138179 0
5011509 0
5066993 0
5065899 0
4967130 1
4968650 0
5055471 1
5055792 0
4861213 0
5049530 1
4977738 0
4975643 1
5060458 0
5041228 1
4967070 0
4813848 1
5011611 0
5049743 0
5005443 1
5011677 0
5049543 0
4863270 1
4845071 0
5006860 1
5049450 0
5063996 0
5011635 0
5032944 0
4879125 0
5042795 1
5052195 1
4864497 1
4531348 1
5005442 0
5032947 0
5049285 1
4874757 0
4806117 0
5031572 0
4849517 1
5065463 0
5050115 0
4966962 1
5005439 1
5065537 1
4840083 1
5066710 1
5022777 1
5024454 1
5063308 1
4840095 1
4973180 0
5055474 0
5022777 0
4967019 1
5022841 1
4977529 1
5005455 0
5007145 1
5024102 1
5050226 1
5049751 0
4840085 1
4864487 1
5005430 0
5022837 1
4864479 1
4861908 1
5050177 0
4967102 1
5005441 1
4974426 1
5011625 0
5005432 1
4967268 0
4279303 1
4845521 0
5003438 0
5022683 1
5064027 0
4515966 0
4813787 0
5065835 1
5049545 0
5022643 0
5003794 1
4975188 0
4975019 1
5015956 0
5024039 0
5011673 0
5025840 0
4811669 0
4863277 1
5052363 1
5041418 0
5065944 1
5065893 1
5024042 0
4958488 1
5049544 1
5049538 0
5063569 1
5011636 0
4966926 0
5065925 0
4870938 0
4035683 1
4531348 0
5063569 0
3510717 0
5031578 0
4091891 1
4823816 1
5024444 1
5042479 0
5031420 0
5011611 1
5063523 0
4806116 0
5049292 1
4158304 1
5052204 0
5066679 1
5063996 1
5053684 1
4845432 0
5048408 0
5005427 1
5050128 1
5065484 0
4844016 0
4928060 0
4874757 1
5011597 0
5050102 0
4777544 1
5055223 0
4857408 1
5066761 1
5011315 1
5065895 1
5003538 0
4894479 1
5066965 0
4861191 0
5003438 1
5066941 1
5050226 0
4967036 0
4966942 1
5050097 0
4845075 0
4861185 1
5063911 0
5065809 1
4928069 0
5065894 0
5024721 1
5066682 1
5024108 0
4876758 0
4840074 0
5065948 0
5032944 1
4966977 1
5041117 1
5042795 0
5052232 0
4589787 0
4873480 1
5063564 0
5011714 0
4948019 1
5060463 0
5066911 0
4931965 0
5005431 1
5065810 1
4973179 1
4966935 1
4853906 0
4844046 1
5022770 1
4875521 1
5065944 0
5022779 0
5050273 0
4813787 1
5052212 0
5024418 1
4813104 1
5066709 1
4813209 1
5050177 1
5041237 1
5041232 1
5031888 0
4932050 0
4873446 0
5063554 1
4369739 1
5024126 1
5017836 1
5017851 1
4966986 1
4977591 1
4369739 0
5042404 1
4919377 1
4967106 0
4861967 1
4870944 1
5011614 1
4823824 0
5049384 0
4967257 1
4975141 0
5024600 0
4919376 0
5022839 1
4473163 0
4977591 0
4873353 0
5063547 1
5052228 1
4947297 1
5011533 1
4840097 1
5022772 1
5065537 0
5063529 1
5005459 0
5022375 0
5031885 0
4813848 0
4974972 1
4967062 0
4974603 1
4977529 0
5005448 0
4956343 1
5017851 0
4876760 1
5005367 1
5065898 0
5005444 0
4973159 1
4975664 0
5005447 0
5063966 1
5005435 0
5056267 1
5024055 0
4975098 0
4515832 0
5003431 1
4857446 0
4824258 0
5011600 0
5017911 0
4968673 0
5049294 0
5042452 0
5011677 1
5011509 1
5066687 0
4975162 0
5049486 0
4035645 1
5052354 0
4870979 0
5052298 0
5042803 0
4967094 0
5065799 1
5032941 1
5031414 1
5003794 0
5016042 1
5032941 0
5005450 1
4590006 1
5056289 1
4035645 0
4967123 0
4811669 1
5048418 0
5049537 1
4975141 1
5011593 1
4946860 1
5049390 1
4842705 1
4806203 0
5042475 0
4565743 0
4966952 0
5063527 0
5065760 1
5022839 0
4844014 1
4813224 1
5024081 1
5011515 0
4820488 0
4820470 1
5024126 0
4823808 1
5065948 1
4840067 0
5017904 0
5026437 1
5032971 1
5063509 1
5022841 0
5024055 1
5063516 1
4975180 0
4864495 1
4975019 0
5049540 1
5011314 0
5042492 0
4975215 1
4091886 0
5055482 1
5063921 1
4968752 0
5063308 0
5055223 1
5017630 1
5032971 0
4939855 0
4857401 1
5032947 1
4878619 1
5011614 0
4968698 1
5005436 1
5065896 0
4928058 1
5022773 1
4565865 1
4973201 1
5052136 1
4861195 0
4967028 1
4975628 1
4823824 1
4565743 1
4932050 1
5065795 1
4894451 1
5049310 0
4158277 1
5025799 0
5007144 1
4968698 0
4806116 1
5066690 0
5005429 1
5066679 0
5024236 0
4806138 1
4845441 1
5050102 1
5055480 1
5022375 1
4966962 0
5022759 0
5005446 0
5012016 0
4878619 0
4966912 1
5024260 0
5066941 0
5065824 0
5031565 0
4973159 0
4844046 0
4975611 1
5024047 0
5065826 1
5049310 1
5041311 1
4861138 0
5049538 1
5049315 1
4874729 1
4777544 0
5017833 1
4813121 1
5042499 1
4968885 1
4956311 0
4797449 0
4158304 0
5048482 1
4870975 1
5031523 1
5049384 1
4931981 0
5042499 0
5031885 1
4853906 1
5063509 0
5052265 0
4958505 1
4864478 0
5065810 0
5042803 1
5011623 0
4894476 0
5050072 0
5060458 1
5049390 0
5066761 0
4966996 1
5041418 1
4817906 1
5040930 1
4948646 0
5022779 1
4849487 1
5052210 0
4975117 1
5063560 1
4879205 0
5011715 0
5063956 0
5022678 0
5066951 1
5024420 0
5022780 1
5046386 0
5011645 1
5005466 0
4844016 1
5064002 1
5024457 1
4974564 0
4931978 1
5049530 0
5065894 1
5007145 0
4861156 0
5063536 0
5011533 0
4873446 1
5011670 1
4974564 1
5007144 0
5011545 1
5025840 1
5024041 0
4932006 1
4035683 0
4974596 1
4975162 1
4158277 0
5005428 0
4849522 1
NoClampUsed_true.txt 0
4857410 0
4956311 1
5042655 1
4939818 0
4589144 0
5005427 0
5011606 0
5048473 0
4806141 1
4931981 1
4823917 0
4243834 1
5024059 0
5049518 1
5055476 1
4873472 0
5011313 0
4894476 1
4968650 1
5063974 1
4873453 0
4879141 0
5011590 1
4928072 1
4873471 1
5050089 0
5006861 0
3510717 1
4840085 0
5066955 0
4842705 0
5024086 0
4824258 1
5022759 1
5022756 0
4967070 1
5031420 1
4515966 1
5053674 1
NoClampUsed_true.txt 1
5040930 0
5049513 0
5065463 1
5011593 0
4515832 1
5022837 0
4138179 1
4973201 0
5065491 0
5064002 0
5007142 0
5005367 0
5015956 1
4853919 0
5005433 0
4974603 0
5011616 1
5031883 0
5041294 1
4844015 1
4975117 0
5031578 1
5025799 1
4861199 0
4844014 0
5055802 1
4823808 0
5049541 1
5024061 0
4861191 1
4876762 0
5055478 1
5005439 0
4845455 1
5054929 0
4956297 1
5025847 0
5024418 0
5052210 1
5031892 1
4928058 0
4870975 0
4874700 0
5024454 0
5063538 0
5005465 0
4861216 1
5005464 0
5042819 1
4966926 1
5024456 1
4844001 0
5050086 0
5052136 0
5024047 1
5031565 1
4861080 0
4919166 0
4967002 0
4973220 1
4939828 1
5053665 0
4975658 1
4823804 0
5049292 0
5065923 0
4873472 1
4975628 0
5063916 1
5031575 0
4948646 1
5040935 0
4967054 1
5063501 0
4871008 1
5031572 1
4863256 1
4823804 1
5022842 1
4813199 0
5046386 1
4974559 0
4861043 0
4861159 0
5017631 1
5005465 1
5011613 1
4857446 1
4974615 1
4958462 1
5063916 0
4824285 1
4879141 1
4979207 0
5031624 1
5024450 1
4967045 1
4006570 0
5055482 0
4817906 0
4870965 1
4849527 0
5055576 1
5049294 1
5024052 0
5011314 1
5048414 1
4968673 1
5055471 0
4857410 1
4861073 1
4875521 0
4956297 0
4975589 0
5065795 0
4973191 1
4977709 1
4958488 0
4587165 1
4968744 1
3514505 1
5055474 1
3502345 0
5011545 0
4928060 1
5048418 1
5031883 1
4967123 1
4967054 0
4973187 0
5052263 0
4968636 1
4845521 1
5063554 0
5049395 1
5063966 0
5024721 0
4813220 1
4919377 0
5042475 1
5049298 1
5005456 0
4967121 1
5005457 0
5024081 0
5011515 1
5065939 1
4516713 1
4806138 0
5011590 0
5046384 0
5017911 1
4589940 0
4967102 0
4967045 0
5005438 0
5053674 0
5024443 1
5026437 0
4958533 1
5006862 0
5031523 0
5066955 1
5049743 1
4894433 1
4515839 0
4863272 0
5049255 1
4958533 0
5011642 0
5022678 1
5066690 1
4824273 0
5024053 1
5003436 0
4948014 0
4853919 1
4939828 0
4966904 0
4975049 0
4977745 0
4968744 0
4967019 0
5024045 1
5005455 1
4845432 1
4947297 0
5024046 0
5024260 1
5031581 0
4977506 0
5031307 1
4091885 0
5005457 1
5042462 1
4973179 0
5052200 0
4958462 0
5050086 1
5042498 1
4820470 0
5042492 1
5052228 0
5003436 1
4967239 1
5066714 1
5011640 1
5011642 1
4876761 0
4879123 1
4589940 1
5005445 1
4946860 0
4966935 0
4845411 0
4928067 0
5063974 0
5049539 1
5024076 1
5055792 1
5050256 0
5005426 0
5024102 0
5041319 1
4842698 1
4979229 1
5052363 0
3514505 0
4861185 0
5065896 1
4939835 1
5052141 0
5007141 0
4797629 0
4851097 0
4813229 0
5048273 0
5065933 0
4880425 1
4863277 0
4861153 0
4977671 0
5025847 1
4974972 0
4919376 1
4973180 1
4840074 1
5048408 1
5042462 0
5055323 1
5065799 0
4006570 1
4589787 1
4853923 0
5011597 1
5050199 1
4091921 0
5065895 0
5052359 0
5024048 1
5065609 0
4966996 0
4975658 0
5003509 0
5063538 1
4947970 1
4928069 1
4977727 1
5024065 1
4861032 1
5006860 0
4894444 0
4853923 1
5063547 0
5065465 0
5031569 0
5056307 1
5005459 1
5011670 0
5052141 1
4861156 1
4974615 0
5042631 1
4813220 0
5063911 1
5024595 0
5067006 1
5031307 0
4800987 0
5066951 0
5055478 0
5031425 0
5063564 1
4861908 0
4967121 0
4939855 1
5049751 1
4967239 0
5007141 1
5011601 0
4844044 1
5063921 0
4931978 0
5005445 0
5041293 0
5042450 1
4861040 0
5052354 1
4876758 1
5041139 0
4829610 0
5042479 1
4863256 0
4977558 1
5031581 1
5052178 0
4874700 1
5011640 0
5024053 0
4820478 1
4870944 0
4813835 0
5024042 1
4974596 0
5055576 0
5049474 1
5064012 0
4966977 0
5011584 0
4823821 1
5026431 0
4849503 1
5049285 0
4968885 0
5049518 0
4979206 0
4873480 0
5031888 1
5024039 1
4967106 1
4971651 0
5016042 0
4864487 0
4873453 1
4842698 0
5065933 1
4473163 1
5066693 1
4829610 1
5017885 0
5024086 1
4873353 1
5011588 1
3510713 0
5005430 1
5024075 0
4824285 0
5011537 0
5024244 0
5005432 0
5024731 0
5005357 0
4966912 0
5049541 0
5049540 0
4158291 0
4879123 0
5042446 1
5024227 1
5042655 0
4857449 0
4975049 1
5066687 1
5052232 1
5005444 1
4973186 0
5024108 1
4966952 1
4939818 1
4515839 1
5067006 0
5041167 0
5011492 1
5022643 1
5041293 1
5049753 1
4928072 0
5042452 1
5042819 0
4864479 0
5052298 1
4975232 1
4977700 1
4977558 0
5052344 0
5011613 0
4823796 0
5024121 0
5049753 0
5031575 1
4844015 0
4939835 0
5042495 1
5024052 1
5048414 0
4845455 0
5050097 1
5024738 1
4829631 0
4974580 0
5050199 0
5024082 1
4932006 0
4845075 1
4516713 0
5003538 1
5049486 1
5024066 0
5024084 1
5065491 1
5031892 0
5065760 0
5065939 0
5022838 0
5005443 0
5065835 0
5024061 1
5041228 0
5016071 0
5011623 1
5065897 1
5063516 0
4971651 1
5005446 1
5016071 1
5024607 1
5005433 1
4849517 0
4279303 0
5052282 1
4840062 0
5006859 1
5024236 1
4977506 1
5011621 1
4966942 0
4967078 0
5065824 1
5024075 1
5006859 0
5063560 0
5049539 0
5052191 1
4864495 0
5005435 1
5011625 1
4861153 1
5054929 1
5005448 1
5066710 0
5048295 1
4975098 1
4967062 1
5053715 1
5024074 1
5017863 0
4813835 1
4824279 1
4843995 1
5005464 1
4967268 1
4823821 0
4824273 1
5011606 1
4947970 0
4842689 0
5066693 0
5022776 0
4820488 1
5041311 0
5024738 0
4876759 0
4876761 1
4813224 0
4879205 1
4975232 0
4932038 0
5024450 0
5024227 0
4932038 1
4851097 1
4849917 0
4870952 0
5064012 1
5063536 1
5024595 1
5063535 1
5005442 1
4879137 1
4823816 0
4861213 1
4243834 0
4969203 0
5065899 1
