152231 1.0 0.10 0.891586
150213 1.0 0.11 0.882074
167150 1.0 0.12 0.87942
150694 0.0 0.87 0.878023
160105 1.0 0.14 0.853937
127955 0.0 0.84 0.849912
186878 1.0 0.16 0.833862
156907 0.0 0.83 0.830051
121237 0.0 0.80 0.802177
201254 0.0 0.78 0.785157
157008 1.0 0.22 0.773498
156687 0.0 0.77 0.773015
138695 0.0 0.77 0.772503
122134 0.0 0.76 0.761985
117210 1.0 0.23 0.760858
127507 0.0 0.76 0.760549
118112 1.0 0.24 0.755209
113457 0.0 0.75 0.754089
126537 0.0 0.75 0.752287
142460 0.0 0.75 0.751785
122948 1.0 0.25 0.747557
122231 0.0 0.73 0.733414
133762 0.0 0.72 0.727984
192507 0.0 0.72 0.722682
203220 1.0 0.28 0.715559
117133 0.0 0.71 0.715243
147179 0.0 0.70 0.706225
132852 0.0 0.70 0.706051
144672 0.0 0.69 0.699319
118704 0.0 0.69 0.698728
125326 0.0 0.69 0.69632
115387 0.0 0.69 0.695948
149811 0.0 0.69 0.695166
133711 0.0 0.69 0.695046
200108 0.0 0.69 0.694156
133634 0.0 0.69 0.691099
202831 1.0 0.31 0.688789
154906 1.0 0.32 0.678027
142486 1.0 0.32 0.676547
129595 0.0 0.67 0.674246
142376 1.0 0.32 0.672791
167824 0.0 0.67 0.671274
160412 0.0 0.66 0.667377
130225 0.0 0.65 0.657308
152326 1.0 0.34 0.657002
119852 0.0 0.65 0.652006
127239 0.0 0.64 0.647829
130795 0.0 0.64 0.645442
142492 1.0 0.35 0.641077
142029 0.0 0.64 0.641045
144411 0.0 0.64 0.640232
144419 0.0 0.63 0.638259
135471 0.0 0.63 0.636872
195569 0.0 0.63 0.636102
129674 0.0 0.63 0.635608
196093 0.0 0.63 0.635494
201754 0.0 0.63 0.632709
121014 0.0 0.63 0.630275
133007 0.0 0.62 0.627262
142193 0.0 0.61 0.616469
199602 0.0 0.61 0.615944
147968 0.0 0.61 0.61475
197263 0.0 0.61 0.61474
188870 0.0 0.60 0.607967
143624 0.0 0.60 0.606282
191564 0.0 0.60 0.600828
174077 0.0 0.60 0.600578
142431 0.0 0.59 0.599407
200229 0.0 0.59 0.596752
140980 0.0 0.59 0.590924
203407 0.0 0.58 0.589452
150314 1.0 0.41 0.585359
198869 0.0 0.58 0.585105
142378 1.0 0.41 0.584344
114715 1.0 0.41 0.582666
180721 0.0 0.58 0.58137
147353 0.0 0.58 0.580975
152886 0.0 0.58 0.580904
196178 0.0 0.57 0.578411
98414 0.0 0.57 0.577088
144052 0.0 0.56 0.567114
198293 0.0 0.56 0.565457
120827 0.0 0.56 0.564536
194678 0.0 0.56 0.564372
139763 0.0 0.55 0.557588
140327 0.0 0.55 0.556921
159222 0.0 0.55 0.556575
189663 1.0 0.44 0.552697
164875 1.0 0.44 0.551842
127228 1.0 0.44 0.551182
169559 0.0 0.54 0.549577
176952 0.0 0.54 0.548824
129685 0.0 0.54 0.54879
117213 1.0 0.45 0.544797
144422 0.0 0.54 0.544693
123326 0.0 0.54 0.544072
169456 0.0 0.54 0.542993
173555 0.0 0.54 0.541487
192314 0.0 0.53 0.538059
183691 0.0 0.53 0.537847
118146 0.0 0.53 0.536195
195826 0.0 0.53 0.531018
155146 0.0 0.52 0.529427
168661 0.0 0.52 0.529182
148238 1.0 0.47 0.526255
183973 0.0 0.52 0.525192
187668 0.0 0.52 0.520639
196512 0.0 0.52 0.520332
144170 0.0 0.51 0.518628
139930 1.0 0.48 0.516182
123778 0.0 0.51 0.516143
123188 0.0 0.51 0.515144
179922 0.0 0.51 0.514602
143262 0.0 0.51 0.51154
104068 0.0 0.51 0.510583
172442 0.0 0.50 0.508563
142373 1.0 0.49 0.507635
156182 0.0 0.50 0.505696
119396 0.0 0.50 0.503011
111484 0.0 0.50 0.501919
134351 0.0 0.50 0.501232
198593 0.0 0.50 0.500107
153484 0.0 0.50 0.500043
139160 0.0 0.49 0.492701
147625 1.0 0.50 0.490639
138016 0.0 0.47 0.473532
174400 0.0 0.47 0.470179
139431 1.0 0.53 0.46961
143248 0.0 0.46 0.469185
158606 0.0 0.46 0.466843
165728 0.0 0.46 0.464341
149515 0.0 0.46 0.463446
159928 0.0 0.46 0.462782
195393 0.0 0.46 0.462759
198887 0.0 0.46 0.462529
142363 1.0 0.53 0.461775
186892 0.0 0.46 0.461466
198313 0.0 0.46 0.461301
167350 0.0 0.46 0.460807
138235 0.0 0.45 0.458477
198427 1.0 0.54 0.45837
151771 0.0 0.45 0.458329
199090 0.0 0.45 0.45661
196830 0.0 0.45 0.456262
138924 0.0 0.45 0.454273
146785 0.0 0.45 0.450412
201182 0.0 0.44 0.44766
173293 0.0 0.44 0.444781
146786 0.0 0.43 0.439732
201045 0.0 0.43 0.435616
152318 0.0 0.43 0.435413
158472 0.0 0.43 0.434818
134196 0.0 0.43 0.434312
121255 1.0 0.56 0.431571
123699 1.0 0.57 0.427664
153738 0.0 0.42 0.427522
152171 0.0 0.42 0.426931
160055 1.0 0.57 0.424994
151902 1.0 0.57 0.424802
197635 0.0 0.42 0.422674
124770 0.0 0.42 0.421319
198873 0.0 0.42 0.42118
185382 0.0 0.42 0.420924
118097 0.0 0.41 0.416509
187308 0.0 0.41 0.413896
121489 0.0 0.41 0.413773
120534 1.0 0.58 0.413409
153228 0.0 0.41 0.413168
165892 0.0 0.41 0.41244
142841 0.0 0.41 0.412043
133067 1.0 0.59 0.407253
174727 0.0 0.40 0.406235
165874 0.0 0.40 0.404775
148128 0.0 0.40 0.404148
177347 0.0 0.40 0.403427
146771 0.0 0.40 0.402772
123787 1.0 0.59 0.402703
139272 0.0 0.40 0.401582
140414 0.0 0.40 0.401506
157089 1.0 0.59 0.400196
166675 0.0 0.39 0.399693
118698 0.0 0.39 0.399093
157006 0.0 0.39 0.398478
173596 0.0 0.39 0.397674
126100 1.0 0.60 0.396189
170582 0.0 0.39 0.395331
189794 0.0 0.39 0.394099
201394 0.0 0.39 0.394045
156208 0.0 0.39 0.392778
144722 0.0 0.39 0.392145
173808 1.0 0.60 0.39184
182826 0.0 0.39 0.391751
179927 0.0 0.39 0.391424
194955 0.0 0.39 0.391132
126738 0.0 0.39 0.390282
159745 0.0 0.38 0.38958
169733 0.0 0.38 0.389043
124124 0.0 0.38 0.384045
158541 0.0 0.38 0.383865
198516 0.0 0.38 0.383646
123204 1.0 0.61 0.383457
200566 0.0 0.38 0.38101
156664 0.0 0.37 0.379574
193048 0.0 0.37 0.377786
174895 0.0 0.37 0.376739
126052 0.0 0.37 0.375735
145945 0.0 0.37 0.375519
153878 0.0 0.37 0.37529
176218 0.0 0.37 0.374786
190471 0.0 0.37 0.374551
107907 0.0 0.37 0.374178
153185 0.0 0.37 0.373975
181404 1.0 0.62 0.372774
134856 0.0 0.37 0.371242
178925 0.0 0.37 0.370918
191863 0.0 0.37 0.370154
194800 0.0 0.36 0.369864
155629 0.0 0.36 0.369062
193016 0.0 0.36 0.367493
187184 0.0 0.36 0.366049
148170 0.0 0.36 0.363305
180021 1.0 0.63 0.362933
166533 0.0 0.36 0.362239
167385 0.0 0.36 0.361939
126498 0.0 0.36 0.360377
156518 0.0 0.36 0.360144
188211 0.0 0.35 0.359455
174723 0.0 0.35 0.358791
151388 0.0 0.35 0.357216
154206 0.0 0.35 0.356982
118196 0.0 0.35 0.35617
140388 0.0 0.35 0.353697
159930 0.0 0.35 0.353685
128132 1.0 0.64 0.352886
189365 0.0 0.35 0.352477
124814 0.0 0.34 0.348862
160107 1.0 0.65 0.348398
173114 0.0 0.34 0.347479
153586 0.0 0.34 0.347363
158045 0.0 0.34 0.347192
200857 0.0 0.34 0.346966
155245 0.0 0.34 0.346275
172250 0.0 0.34 0.345948
202769 1.0 0.65 0.3448
123863 0.0 0.34 0.344657
198168 0.0 0.34 0.344434
176455 0.0 0.34 0.343875
162636 0.0 0.34 0.3431
172232 0.0 0.34 0.342808
143105 0.0 0.34 0.341921
181523 0.0 0.34 0.341711
149467 0.0 0.34 0.34154
124894 0.0 0.34 0.340145
162599 0.0 0.33 0.339368
158774 0.0 0.33 0.338281
199334 1.0 0.66 0.336521
188948 0.0 0.33 0.336396
150324 1.0 0.66 0.331622
159508 0.0 0.32 0.327612
188919 0.0 0.32 0.327365
159942 0.0 0.32 0.32664
151032 0.0 0.32 0.324903
153908 0.0 0.32 0.323863
127184 0.0 0.32 0.323626
136891 1.0 0.67 0.323605
118782 0.0 0.32 0.320712
156298 0.0 0.31 0.318305
143692 0.0 0.31 0.316159
185353 0.0 0.31 0.314503
140447 0.0 0.31 0.314161
202142 1.0 0.68 0.310001
118096 0.0 0.30 0.308075
176988 0.0 0.30 0.307635
137599 0.0 0.30 0.307518
147285 0.0 0.30 0.30695
166312 0.0 0.30 0.306872
190561 0.0 0.30 0.306518
199945 0.0 0.30 0.304594
157839 0.0 0.30 0.304527
182758 0.0 0.30 0.30443
165214 0.0 0.30 0.304423
190759 0.0 0.30 0.300818
153727 0.0 0.30 0.300354
186862 0.0 0.29 0.29994
132930 1.0 0.70 0.299167
149708 0.0 0.29 0.298576
140422 0.0 0.29 0.297467
160513 0.0 0.29 0.297441
160474 0.0 0.29 0.297253
151591 1.0 0.70 0.296086
188282 0.0 0.29 0.295964
200831 0.0 0.29 0.295937
174460 0.0 0.29 0.292276
169072 0.0 0.29 0.291922
200863 0.0 0.29 0.291637
162571 0.0 0.28 0.289746
160382 0.0 0.28 0.28648
120635 1.0 0.71 0.286444
119956 1.0 0.71 0.285808
160322 0.0 0.28 0.285656
192069 0.0 0.28 0.285326
167191 0.0 0.28 0.284677
148751 0.0 0.28 0.28358
162530 0.0 0.28 0.283252
147996 1.0 0.71 0.281618
148533 1.0 0.72 0.279465
151469 1.0 0.72 0.279032
188372 0.0 0.27 0.278788
133062 1.0 0.72 0.278752
162348 0.0 0.27 0.27849
148058 0.0 0.27 0.278448
153032 0.0 0.27 0.276627
119875 0.0 0.27 0.276386
193588 0.0 0.27 0.275837
141536 0.0 0.27 0.275787
145941 0.0 0.27 0.275706
170335 0.0 0.27 0.275358
155270 0.0 0.27 0.272139
156579 0.0 0.26 0.268468
199746 0.0 0.26 0.267425
143882 0.0 0.26 0.267051
182972 0.0 0.26 0.267046
182664 0.0 0.26 0.265796
181787 0.0 0.26 0.264147
155347 0.0 0.26 0.262423
160081 1.0 0.73 0.261594
173328 0.0 0.26 0.260907
174362 0.0 0.26 0.260714
196393 0.0 0.26 0.260598
180638 0.0 0.26 0.260446
148420 0.0 0.25 0.259061
164886 0.0 0.25 0.258734
151575 0.0 0.25 0.257586
115893 1.0 0.74 0.257429
158777 0.0 0.25 0.255706
193557 0.0 0.25 0.254369
132547 1.0 0.74 0.25382
174892 0.0 0.25 0.250466
155626 0.0 0.25 0.250245
185925 0.0 0.24 0.249787
159599 0.0 0.24 0.249773
149542 0.0 0.24 0.248743
178543 0.0 0.24 0.248093
138604 1.0 0.75 0.2443
167924 0.0 0.24 0.243201
125585 1.0 0.75 0.24316
189073 0.0 0.24 0.242076
179962 0.0 0.24 0.240728
182548 0.0 0.24 0.240288
118197 0.0 0.23 0.238579
165961 0.0 0.23 0.237392
193613 0.0 0.23 0.23699
180388 0.0 0.23 0.236503
143054 0.0 0.23 0.235555
187383 0.0 0.23 0.235063
123367 1.0 0.76 0.234551
154908 0.0 0.23 0.233653
119397 0.0 0.23 0.232695
177226 1.0 0.76 0.232235
132693 1.0 0.76 0.231826
119029 0.0 0.23 0.231144
183117 0.0 0.23 0.230596
178018 0.0 0.22 0.229864
177630 0.0 0.22 0.228828
171185 0.0 0.22 0.228777
175203 0.0 0.22 0.227613
177599 0.0 0.22 0.223978
148531 1.0 0.77 0.22248
118200 0.0 0.22 0.221904
143575 0.0 0.22 0.221551
165557 0.0 0.22 0.221192
117483 0.0 0.21 0.218617
192415 0.0 0.21 0.217813
184774 0.0 0.21 0.217327
160782 0.0 0.21 0.214096
121740 1.0 0.78 0.213601
185525 0.0 0.21 0.213365
149998 0.0 0.21 0.212297
160377 0.0 0.21 0.211366
193605 0.0 0.21 0.210561
172487 0.0 0.21 0.210014
189756 0.0 0.20 0.209988
132561 1.0 0.79 0.209535
163798 0.0 0.20 0.20834
150028 0.0 0.20 0.207339
158539 0.0 0.20 0.206867
144449 1.0 0.79 0.206423
160315 0.0 0.20 0.205954
145803 0.0 0.20 0.20572
120641 1.0 0.79 0.205123
160610 0.0 0.20 0.204411
200983 0.0 0.20 0.203815
160012 0.0 0.20 0.203588
188570 0.0 0.20 0.202793
161511 0.0 0.20 0.200804
121435 0.0 0.19 0.199774
166905 0.0 0.19 0.198743
157333 0.0 0.19 0.198223
132075 0.0 0.19 0.197595
176934 0.0 0.19 0.197579
199731 0.0 0.19 0.197132
181203 0.0 0.19 0.195637
164301 0.0 0.19 0.193985
197468 0.0 0.19 0.193813
152223 0.0 0.19 0.193282
139158 1.0 0.80 0.192756
152177 0.0 0.19 0.192708
149509 0.0 0.19 0.192467
165286 0.0 0.19 0.191503
179958 0.0 0.19 0.191423
148440 0.0 0.19 0.191097
178985 0.0 0.19 0.191091
190040 0.0 0.19 0.190476
116804 0.0 0.19 0.190035
107919 0.0 0.18 0.189702
198978 0.0 0.18 0.188818
183914 0.0 0.18 0.188442
153070 0.0 0.18 0.187445
142425 1.0 0.81 0.186821
155506 0.0 0.18 0.186526
121204 0.0 0.18 0.184823
157560 1.0 0.81 0.184523
200752 0.0 0.18 0.183436
178572 0.0 0.18 0.183319
161166 0.0 0.18 0.182788
169526 0.0 0.18 0.181931
121662 1.0 0.81 0.181214
142552 0.0 0.18 0.180669
118004 1.0 0.81 0.180402
186486 0.0 0.18 0.180221
140516 0.0 0.17 0.178908
167951 0.0 0.17 0.178562
150675 0.0 0.17 0.1783
130009 0.0 0.17 0.178267
150198 1.0 0.82 0.17823
119165 0.0 0.17 0.1773
131768 0.0 0.17 0.176866
157392 0.0 0.17 0.17685
152226 1.0 0.82 0.174764
194760 0.0 0.17 0.174433
142454 0.0 0.17 0.174408
142428 0.0 0.17 0.17417
187485 0.0 0.17 0.173039
179186 0.0 0.17 0.172427
145272 0.0 0.17 0.171908
186372 0.0 0.17 0.171567
196818 0.0 0.17 0.170411
140675 0.0 0.17 0.170354
114710 0.0 0.16 0.168039
172587 0.0 0.16 0.166598
199925 0.0 0.16 0.165916
116809 0.0 0.16 0.165708
167503 0.0 0.16 0.165624
174789 0.0 0.16 0.162434
141928 0.0 0.16 0.161524
136821 1.0 0.83 0.161204
180506 0.0 0.16 0.160071
173488 0.0 0.15 0.158547
160046 1.0 0.84 0.158065
183232 0.0 0.15 0.157059
119682 0.0 0.15 0.155669
186538 0.0 0.15 0.155212
156708 0.0 0.15 0.154476
203419 0.0 0.15 0.153712
128021 1.0 0.84 0.153222
188320 0.0 0.15 0.151893
138968 1.0 0.84 0.151305
178389 0.0 0.15 0.151253
178684 0.0 0.15 0.150773
170402 0.0 0.15 0.150586
162770 0.0 0.14 0.149779
132921 1.0 0.85 0.149349
166399 0.0 0.14 0.149279
203195 0.0 0.14 0.148336
190877 0.0 0.14 0.148243
183132 0.0 0.14 0.1479
141498 0.0 0.14 0.147378
188898 0.0 0.14 0.146161
173514 0.0 0.14 0.145545
141751 0.0 0.14 0.144889
196536 0.0 0.14 0.144691
181636 0.0 0.14 0.144227
193023 0.0 0.14 0.144105
162380 0.0 0.14 0.14388
146507 0.0 0.14 0.142544
173564 0.0 0.14 0.142255
155186 0.0 0.14 0.141627
166615 0.0 0.14 0.140842
148006 0.0 0.14 0.140167
195695 0.0 0.13 0.139658
182990 0.0 0.13 0.13868
144971 0.0 0.13 0.138616
121079 0.0 0.13 0.138499
173266 0.0 0.13 0.138494
163489 0.0 0.13 0.138236
181037 0.0 0.13 0.136416
194851 0.0 0.13 0.136132
202410 0.0 0.13 0.136032
158908 0.0 0.13 0.135427
165681 0.0 0.13 0.134552
156072 0.0 0.13 0.133636
153699 0.0 0.13 0.133458
186544 0.0 0.13 0.132822
183727 0.0 0.13 0.131972
173426 0.0 0.13 0.131219
149481 0.0 0.13 0.131022
195302 0.0 0.12 0.129648
146807 0.0 0.12 0.129159
139900 0.0 0.12 0.12878
175410 0.0 0.12 0.128729
121463 0.0 0.12 0.128652
149440 0.0 0.12 0.128364
165410 0.0 0.12 0.12826
170535 0.0 0.12 0.127494
198300 0.0 0.12 0.126517
187411 0.0 0.12 0.126478
155908 0.0 0.12 0.122874
188827 0.0 0.12 0.122871
172183 0.0 0.12 0.120523
127502 1.0 0.87 0.120471
165729 0.0 0.12 0.120023
153442 0.0 0.11 0.119823
155259 0.0 0.11 0.119372
165610 0.0 0.11 0.118842
129113 0.0 0.11 0.118061
170085 0.0 0.11 0.11799
202839 0.0 0.11 0.116474
174401 0.0 0.11 0.115959
164893 0.0 0.11 0.114794
172640 0.0 0.11 0.114631
197184 0.0 0.11 0.114421
167785 0.0 0.11 0.114333
182669 0.0 0.11 0.113435
160773 0.0 0.11 0.113423
182509 0.0 0.11 0.112902
162746 0.0 0.11 0.112172
192572 0.0 0.11 0.110272
155670 0.0 0.10 0.109897
158713 0.0 0.10 0.108522
140553 0.0 0.10 0.1082
200093 0.0 0.10 0.107947
201826 0.0 0.10 0.107406
148858 0.0 0.10 0.106552
188591 0.0 0.10 0.106182
164083 0.0 0.10 0.105365
146217 0.0 0.10 0.103688
153454 0.0 0.10 0.103293
179340 0.0 0.10 0.102722
196145 0.0 0.10 0.102159
155308 0.0 0.10 0.101031
181326 0.0 0.10 0.100483
153895 0.0 0.10 0.100418
156566 0.0 0.09 0.0997895
194050 0.0 0.09 0.0995404
202385 0.0 0.09 0.098932
179364 0.0 0.09 0.098838
186120 0.0 0.09 0.0985171
164642 0.0 0.09 0.0984958
157109 0.0 0.09 0.0984492
182177 0.0 0.09 0.0976819
191415 0.0 0.09 0.097567
157972 0.0 0.09 0.0965407
172191 0.0 0.09 0.0954356
161689 0.0 0.09 0.0937518
158121 0.0 0.09 0.0923875
164930 0.0 0.09 0.0902868
199278 0.0 0.09 0.0900953
182927 0.0 0.08 0.0888839
201705 0.0 0.08 0.088632
196038 0.0 0.08 0.0883372
151914 0.0 0.08 0.0875126
182918 0.0 0.08 0.0873666
188192 0.0 0.08 0.0873598
144773 0.0 0.08 0.0873302
196960 0.0 0.08 0.0867087
105020 0.0 0.08 0.0851728
169968 0.0 0.08 0.0845752
161196 0.0 0.08 0.0837702
181471 0.0 0.08 0.0836131
105154 0.0 0.08 0.0835515
152823 0.0 0.08 0.0833775
169200 0.0 0.08 0.0826431
191062 0.0 0.08 0.0820841
203356 0.0 0.08 0.081674
173118 0.0 0.08 0.0809209
178575 0.0 0.08 0.0808408
175953 0.0 0.08 0.0805227
155235 0.0 0.08 0.0801586
196238 0.0 0.07 0.079329
176785 0.0 0.07 0.078498
171708 0.0 0.07 0.0782965
164128 0.0 0.07 0.0779511
180092 0.0 0.07 0.077761
146782 0.0 0.07 0.0776541
167480 0.0 0.07 0.0767977
189954 0.0 0.07 0.0763102
138364 0.0 0.07 0.0757248
144471 0.0 0.07 0.0749827
113284 0.0 0.07 0.0748197
179313 0.0 0.07 0.0746955
157632 0.0 0.07 0.0740553
110558 0.0 0.07 0.0736206
137076 0.0 0.07 0.0732487
141203 0.0 0.07 0.0730275
165635 0.0 0.07 0.0724951
199870 0.0 0.07 0.0724708
151040 0.0 0.07 0.0720636
194689 0.0 0.07 0.0715166
191228 0.0 0.07 0.0714749
168216 0.0 0.07 0.0713977
147051 0.0 0.07 0.0709805
146387 0.0 0.07 0.0704721
125885 0.0 0.06 0.069147
164801 0.0 0.06 0.0689045
127244 1.0 0.93 0.068687
176429 0.0 0.06 0.068596
178323 0.0 0.06 0.0685813
184671 0.0 0.06 0.0681934
168230 0.0 0.06 0.0667022
182955 0.0 0.06 0.066496
151675 0.0 0.06 0.0662361
188440 0.0 0.06 0.0658876
185354 0.0 0.06 0.0657087
176806 0.0 0.06 0.0655776
156346 0.0 0.06 0.0654953
180556 0.0 0.06 0.0640813
166754 0.0 0.06 0.0639346
181003 0.0 0.06 0.0628352
144294 0.0 0.06 0.06227
177458 0.0 0.06 0.0621158
177148 0.0 0.06 0.06132
173920 0.0 0.06 0.0611911
142970 0.0 0.06 0.0611702
197527 0.0 0.06 0.0611246
150875 0.0 0.06 0.0604599
173587 0.0 0.06 0.0603565
184485 0.0 0.05 0.059764
174312 0.0 0.05 0.0592357
164382 0.0 0.05 0.0590012
123103 0.0 0.05 0.0583433
185244 0.0 0.05 0.0579402
160975 0.0 0.05 0.0576903
184435 0.0 0.05 0.0574252
147213 0.0 0.05 0.0567815
138260 0.0 0.05 0.0566873
160035 0.0 0.05 0.0564741
174468 0.0 0.05 0.0561565
182631 0.0 0.05 0.0559567
146304 0.0 0.05 0.0556968
150674 0.0 0.05 0.054955
174662 0.0 0.05 0.0544799
193340 0.0 0.05 0.0544452
191546 0.0 0.05 0.0543495
159821 0.0 0.05 0.0538719
187562 0.0 0.05 0.0535764
169079 0.0 0.05 0.0535175
178169 0.0 0.05 0.0523588
187287 0.0 0.05 0.0521826
148215 0.0 0.05 0.0519823
145791 0.0 0.05 0.0517707
178915 0.0 0.05 0.0510668
185975 0.0 0.05 0.0508846
173133 0.0 0.05 0.0504998
168341 0.0 0.05 0.0501457
143297 0.0 0.04 0.049446
140959 0.0 0.04 0.0487562
184651 0.0 0.04 0.048681
173357 0.0 0.04 0.048581
164120 0.0 0.04 0.0481582
153762 0.0 0.04 0.0479547
189098 0.0 0.04 0.0478663
201382 0.0 0.04 0.0468605
154848 0.0 0.04 0.0466183
166361 0.0 0.04 0.0464948
167148 0.0 0.04 0.04624
178243 0.0 0.04 0.0457174
186557 0.0 0.04 0.0456224
169130 0.0 0.04 0.0453979
103932 0.0 0.04 0.0451878
189511 0.0 0.04 0.0451049
165276 0.0 0.04 0.0449333
168160 0.0 0.04 0.0444303
172582 0.0 0.04 0.0444037
178101 0.0 0.04 0.0441133
166579 0.0 0.04 0.0436567
179181 0.0 0.04 0.0419743
191862 0.0 0.04 0.0416891
163113 0.0 0.04 0.0416758
191931 0.0 0.04 0.041385
163340 0.0 0.04 0.0410967
202328 0.0 0.04 0.0410889
148611 0.0 0.04 0.0403657
173356 0.0 0.03 0.0397645
157123 0.0 0.03 0.0397329
197643 0.0 0.03 0.039668
168530 0.0 0.03 0.0394456
199006 0.0 0.03 0.0393777
130549 0.0 0.03 0.0389083
187885 0.0 0.03 0.0387609
169231 0.0 0.03 0.0386341
115858 0.0 0.03 0.0375857
183093 0.0 0.03 0.0374977
197176 0.0 0.03 0.0364665
158653 0.0 0.03 0.0363644
153962 0.0 0.03 0.0348999
182536 0.0 0.03 0.0346782
172179 0.0 0.03 0.0339928
164075 0.0 0.03 0.0326445
142921 0.0 0.03 0.0325755
182214 0.0 0.03 0.0325199
203210 0.0 0.03 0.0325034
174876 0.0 0.03 0.0315771
175243 0.0 0.03 0.0315643
187275 0.0 0.03 0.0313573
140796 0.0 0.03 0.0306251
189420 0.0 0.02 0.0298172
177175 0.0 0.02 0.0287683
163921 0.0 0.02 0.0283175
164027 0.0 0.02 0.0279628
150949 0.0 0.02 0.0278624
188746 0.0 0.02 0.0268683
157426 0.0 0.02 0.0263715
192438 0.0 0.02 0.0256463
193122 0.0 0.02 0.0254609
183418 0.0 0.02 0.0252438
198028 0.0 0.02 0.0251384
108575 0.0 0.02 0.0244605
185053 0.0 0.02 0.0242735
195487 0.0 0.02 0.0241483
191599 0.0 0.02 0.0239044
168134 0.0 0.02 0.0237098
144334 0.0 0.02 0.0236366
140791 0.0 0.02 0.0236285
166966 0.0 0.02 0.0234757
191940 0.0 0.02 0.0226139
169596 0.0 0.02 0.0220463
192176 0.0 0.02 0.0219918
156339 0.0 0.02 0.0214946
170336 0.0 0.02 0.0213397
177918 0.0 0.02 0.0212001
146856 0.0 0.02 0.0204446
167913 0.0 0.01 0.0194071
184744 0.0 0.01 0.0191839
188172 0.0 0.01 0.0191717
169153 0.0 0.01 0.0190792
159459 0.0 0.01 0.0186462
148407 0.0 0.01 0.0176918
191508 0.0 0.01 0.0174058
177619 0.0 0.01 0.0170778
154776 0.0 0.01 0.0155449
174048 0.0 0.01 0.015175
144883 0.0 0.01 0.0146409
169468 0.0 0.01 0.0145552
194595 0.0 0.01 0.0143001
189678 0.0 0.01 0.014224
189337 0.0 0.01 0.0140257
153756 0.0 0.01 0.0139208
189916 0.0 0.01 0.013772
198612 0.0 0.01 0.0135373
161551 0.0 0.01 0.013329
142877 0.0 0.01 0.0126049
171623 0.0 0.01 0.0124561
108851 0.0 0.01 0.0114552
152708 0.0 0.01 0.0107351
181166 0.0 0.01 0.0102308
166087 0.0 0.01 0.0100196
185200 0.0 0.00 0.00991872
170451 0.0 0.00 0.00972578
153245 0.0 0.00 0.00961175
184479 0.0 0.00 0.00874604
167518 0.0 0.00 0.00800513
143024 0.0 0.00 0.00791887
151162 0.0 0.00 0.00737192
152205 0.0 0.00 0.00661574
158579 0.0 0.00 0.00618527
93155 0.0 0.00 0.00349416
191129 0.0 0.00 0.00313637
146514 0.0 0.00 0.00124155
155840 0.0 0.00 0.00110297
