127244 1.0 0.89 0.106665
127502 1.0 0.87 0.12884
128021 1.0 0.83 0.165068
132921 1.0 0.81 0.180892
136821 1.0 0.81 0.181024
152226 1.0 0.81 0.181915
160046 1.0 0.81 0.185604
150198 1.0 0.80 0.193495
132561 1.0 0.79 0.202511
144449 1.0 0.78 0.213522
138968 1.0 0.77 0.225599
157560 1.0 0.77 0.22694
177226 1.0 0.76 0.236964
132693 1.0 0.76 0.236987
142425 1.0 0.75 0.241787
139158 1.0 0.74 0.25089
118004 1.0 0.74 0.256054
132547 1.0 0.72 0.270579
123367 1.0 0.72 0.27141
121662 1.0 0.71 0.28062
120641 1.0 0.71 0.282868
148531 1.0 0.71 0.284923
138604 1.0 0.71 0.286816
121740 1.0 0.71 0.289474
115893 1.0 0.70 0.292226
202142 1.0 0.70 0.296064
125585 1.0 0.70 0.297457
202769 1.0 0.69 0.30116
133062 1.0 0.68 0.318325
147996 1.0 0.67 0.326578
151591 1.0 0.67 0.328993
151469 1.0 0.66 0.337149
160081 1.0 0.66 0.337395
180021 1.0 0.65 0.349349
132930 1.0 0.64 0.351911
148533 1.0 0.64 0.355161
120635 1.0 0.64 0.356881
199334 1.0 0.64 0.357544
181404 1.0 0.62 0.374529
160107 1.0 0.61 0.380961
136891 1.0 0.61 0.383884
133067 1.0 0.61 0.385579
120534 1.0 0.61 0.38892
119956 1.0 0.60 0.39846
150324 1.0 0.59 0.407584
128132 1.0 0.59 0.409557
123204 1.0 0.58 0.415486
157089 1.0 0.58 0.417276
126100 1.0 0.57 0.420027
123699 1.0 0.56 0.434584
198427 1.0 0.55 0.445652
142373 1.0 0.54 0.450814
151902 1.0 0.53 0.463985
173808 1.0 0.52 0.471817
121255 1.0 0.52 0.477884
160055 1.0 0.51 0.480192
139431 1.0 0.50 0.49577
123787 1.0 0.50 0.496957
142363 1.0 0.49 0.500766
148238 1.0 0.48 0.511147
147625 1.0 0.48 0.511902
152326 1.0 0.48 0.516052
127228 1.0 0.48 0.517771
117213 1.0 0.43 0.563842
114715 1.0 0.43 0.564479
142378 1.0 0.42 0.570013
189663 1.0 0.41 0.5802
139930 1.0 0.41 0.582919
142492 1.0 0.41 0.588971
164875 1.0 0.41 0.589762
142376 1.0 0.38 0.61851
150314 1.0 0.33 0.667316
142486 1.0 0.32 0.677857
154906 1.0 0.31 0.685871
118112 1.0 0.29 0.703459
117210 1.0 0.28 0.711596
202831 1.0 0.28 0.717055
122948 1.0 0.27 0.729946
203220 1.0 0.24 0.758159
167150 1.0 0.22 0.779446
157008 1.0 0.21 0.788951
152231 1.0 0.17 0.827862
160105 1.0 0.17 0.8288
186878 1.0 0.14 0.856627
150213 1.0 0.14 0.859666
