104069 0.0 0.86 0.86296
150213 1.0 0.14 0.859666
186878 1.0 0.14 0.856627
150694 0.0 0.83 0.834079
160105 1.0 0.17 0.8288
152231 1.0 0.17 0.827862
127955 0.0 0.81 0.81984
138695 0.0 0.81 0.811775
198549 0.0 0.80 0.809606
200055 0.0 0.79 0.792609
157008 1.0 0.21 0.788951
167150 1.0 0.22 0.779446
169326 0.0 0.76 0.760361
203220 1.0 0.24 0.758159
201254 0.0 0.74 0.747575
194067 1.0 0.25 0.740528
121237 0.0 0.73 0.736535
122948 1.0 0.27 0.729946
156907 0.0 0.72 0.725745
156687 0.0 0.72 0.725299
202831 1.0 0.28 0.717055
126537 0.0 0.71 0.716918
142732 0.0 0.71 0.716106
142460 0.0 0.71 0.711725
117210 1.0 0.28 0.711596
149853 0.0 0.70 0.705935
113457 0.0 0.70 0.704732
118112 1.0 0.29 0.703459
124444 0.0 0.70 0.701586
189664 1.0 0.29 0.701539
133762 0.0 0.69 0.696236
133711 0.0 0.69 0.694972
115387 0.0 0.69 0.694588
147179 0.0 0.69 0.690369
154906 1.0 0.31 0.685871
142486 1.0 0.32 0.677857
122134 0.0 0.67 0.672972
200108 0.0 0.67 0.672434
150314 1.0 0.33 0.667316
127239 0.0 0.66 0.666013
127507 0.0 0.66 0.665366
117133 0.0 0.66 0.661897
133634 0.0 0.66 0.660114
192507 0.0 0.65 0.657432
167824 0.0 0.65 0.657233
149811 0.0 0.65 0.654299
144672 0.0 0.64 0.643573
118704 0.0 0.64 0.642168
167558 0.0 0.64 0.64114
130225 0.0 0.63 0.639019
141297 0.0 0.63 0.634489
129595 0.0 0.63 0.63391
197330 1.0 0.36 0.63077
195490 0.0 0.62 0.629746
174020 0.0 0.62 0.629377
144419 0.0 0.62 0.628934
160412 0.0 0.62 0.625031
132852 0.0 0.62 0.620604
142376 1.0 0.38 0.61851
124896 0.0 0.61 0.618193
125326 0.0 0.61 0.61814
122231 0.0 0.61 0.61745
135471 0.0 0.61 0.61187
133007 0.0 0.61 0.611109
152886 0.0 0.61 0.610198
196093 0.0 0.60 0.605991
142193 0.0 0.60 0.605595
198869 0.0 0.60 0.604911
147968 0.0 0.60 0.604835
119852 0.0 0.60 0.602499
191564 0.0 0.60 0.601701
197263 0.0 0.59 0.599967
200229 0.0 0.59 0.599528
196178 0.0 0.59 0.599059
144411 0.0 0.59 0.598541
98414 0.0 0.59 0.597678
142029 0.0 0.59 0.596116
124050 0.0 0.59 0.593253
164875 1.0 0.41 0.589762
142492 1.0 0.41 0.588971
203407 0.0 0.58 0.587707
169946 0.0 0.58 0.585345
139930 1.0 0.41 0.582919
142752 0.0 0.58 0.582353
195569 0.0 0.58 0.581931
172442 0.0 0.58 0.581064
189663 1.0 0.41 0.5802
188870 0.0 0.57 0.579804
142431 0.0 0.57 0.578734
139763 0.0 0.57 0.571379
174077 0.0 0.57 0.571078
142378 1.0 0.42 0.570013
199602 0.0 0.56 0.569739
191216 0.0 0.56 0.566479
120827 0.0 0.56 0.565
195826 0.0 0.56 0.564803
169456 0.0 0.56 0.564481
114715 1.0 0.43 0.564479
117213 1.0 0.43 0.563842
147353 0.0 0.56 0.560059
140980 0.0 0.55 0.559575
129674 0.0 0.55 0.559545
169559 0.0 0.55 0.557168
144052 0.0 0.55 0.556035
181876 0.0 0.55 0.555747
183691 0.0 0.55 0.555108
192314 0.0 0.55 0.554645
198293 0.0 0.55 0.55205
140327 0.0 0.55 0.55179
130795 0.0 0.55 0.551386
152171 0.0 0.54 0.546706
123326 0.0 0.54 0.546532
143624 0.0 0.54 0.544428
156182 0.0 0.54 0.542566
181664 0.0 0.54 0.540171
119396 0.0 0.53 0.539712
159222 0.0 0.53 0.537768
118146 0.0 0.53 0.535224
180721 0.0 0.53 0.534911
194549 0.0 0.53 0.534636
121014 0.0 0.53 0.532471
196512 0.0 0.53 0.53097
155146 0.0 0.52 0.529568
181255 0.0 0.52 0.526801
201754 0.0 0.52 0.525919
140424 0.0 0.52 0.521363
176952 0.0 0.52 0.520858
123188 0.0 0.52 0.520752
144170 0.0 0.52 0.520563
179922 0.0 0.51 0.519343
127228 1.0 0.48 0.517771
194678 0.0 0.51 0.517029
165892 0.0 0.51 0.516271
152326 1.0 0.48 0.516052
152318 0.0 0.51 0.512617
147625 1.0 0.48 0.511902
182382 0.0 0.51 0.51173
153738 0.0 0.51 0.51154
187668 0.0 0.51 0.511383
181633 0.0 0.51 0.511319
148238 1.0 0.48 0.511147
168661 0.0 0.50 0.509637
125581 0.0 0.50 0.508967
124770 0.0 0.50 0.504761
143248 0.0 0.50 0.50248
194921 1.0 0.49 0.501937
174400 0.0 0.50 0.50188
142363 1.0 0.49 0.500766
111484 0.0 0.49 0.498569
196830 0.0 0.49 0.497986
123787 1.0 0.50 0.496957
139431 1.0 0.50 0.49577
147921 0.0 0.49 0.494812
146785 0.0 0.49 0.493918
173293 0.0 0.49 0.493262
118097 0.0 0.49 0.493007
153484 0.0 0.49 0.491493
139160 0.0 0.49 0.491326
203002 0.0 0.48 0.488655
144422 0.0 0.48 0.487318
199738 0.0 0.48 0.486941
138016 0.0 0.48 0.486783
182826 0.0 0.48 0.484311
134351 0.0 0.48 0.484205
123778 0.0 0.48 0.483692
183973 0.0 0.48 0.481333
146786 0.0 0.48 0.480967
160055 1.0 0.51 0.480192
173555 0.0 0.47 0.479484
157006 0.0 0.47 0.478697
121255 1.0 0.52 0.477884
177133 0.0 0.47 0.477413
134196 0.0 0.47 0.477
195674 0.0 0.47 0.473392
183371 0.0 0.47 0.472476
173808 1.0 0.52 0.471817
156518 0.0 0.47 0.471377
169733 0.0 0.47 0.470087
198887 0.0 0.46 0.469899
159928 0.0 0.46 0.46941
153228 0.0 0.46 0.46747
182254 0.0 0.46 0.467432
165728 0.0 0.46 0.466802
154206 0.0 0.46 0.466214
121489 0.0 0.46 0.465751
170152 0.0 0.46 0.464243
151902 1.0 0.53 0.463985
191743 0.0 0.46 0.463294
139272 0.0 0.46 0.461879
170582 0.0 0.46 0.461612
159065 0.0 0.46 0.4614
198593 0.0 0.45 0.45921
181627 0.0 0.45 0.458685
129685 0.0 0.45 0.454732
189794 0.0 0.45 0.453776
167385 0.0 0.45 0.452304
138235 0.0 0.45 0.452004
140414 0.0 0.45 0.451435
142373 1.0 0.54 0.450814
149515 0.0 0.45 0.450436
201557 0.0 0.44 0.449113
144722 0.0 0.44 0.448923
142841 0.0 0.44 0.445803
198427 1.0 0.55 0.445652
198873 0.0 0.44 0.444968
195393 0.0 0.44 0.444591
146771 0.0 0.44 0.443636
158606 0.0 0.44 0.44029
158472 0.0 0.43 0.439826
167350 0.0 0.43 0.439807
145891 0.0 0.43 0.439647
138924 0.0 0.43 0.439525
139211 1.0 0.56 0.437096
151771 0.0 0.43 0.435732
123699 1.0 0.56 0.434584
174727 0.0 0.43 0.434202
149715 0.0 0.43 0.433946
172232 0.0 0.43 0.431839
174723 0.0 0.43 0.431698
129726 0.0 0.43 0.430689
148128 0.0 0.42 0.429436
196393 0.0 0.42 0.428381
159745 0.0 0.42 0.42834
177347 0.0 0.42 0.428219
143262 0.0 0.42 0.426875
149467 0.0 0.42 0.426077
149479 0.0 0.42 0.425404
198313 0.0 0.42 0.425088
197635 0.0 0.42 0.423331
104068 0.0 0.42 0.423025
118698 0.0 0.42 0.422886
201182 0.0 0.42 0.421346
199090 0.0 0.42 0.420451
202139 1.0 0.57 0.420406
126100 1.0 0.57 0.420027
185382 0.0 0.41 0.419505
189710 1.0 0.58 0.417507
157089 1.0 0.58 0.417276
123204 1.0 0.58 0.415486
188948 0.0 0.41 0.41422
151388 0.0 0.41 0.413686
202043 0.0 0.41 0.413516
193048 0.0 0.41 0.412443
187220 0.0 0.41 0.411282
119779 0.0 0.41 0.410851
190760 0.0 0.41 0.410074
128132 1.0 0.59 0.409557
166675 0.0 0.40 0.409478
155245 0.0 0.40 0.408482
150324 1.0 0.59 0.407584
155629 0.0 0.40 0.406762
194955 0.0 0.40 0.405648
201045 0.0 0.40 0.404518
166885 0.0 0.40 0.404474
187308 0.0 0.40 0.403797
174895 0.0 0.40 0.403397
190759 0.0 0.40 0.401156
186892 0.0 0.40 0.401119
193324 0.0 0.39 0.399929
126738 0.0 0.39 0.399839
194735 0.0 0.39 0.398784
119956 1.0 0.60 0.39846
141182 0.0 0.39 0.396966
176455 0.0 0.39 0.394928
190471 0.0 0.39 0.393093
176717 0.0 0.39 0.392612
153878 0.0 0.39 0.392221
162636 0.0 0.39 0.391356
159508 0.0 0.39 0.390051
107885 0.0 0.38 0.389547
140422 0.0 0.38 0.389458
120534 1.0 0.61 0.38892
162530 0.0 0.38 0.388801
143105 0.0 0.38 0.387784
142379 1.0 0.61 0.387711
106117 0.0 0.38 0.387402
187184 0.0 0.38 0.387391
133067 1.0 0.61 0.385579
153185 0.0 0.38 0.385157
176218 0.0 0.38 0.384433
200857 0.0 0.38 0.384415
158541 0.0 0.38 0.384325
136891 1.0 0.61 0.383884
124124 0.0 0.38 0.383625
153727 0.0 0.38 0.38324
107907 0.0 0.38 0.382994
166533 0.0 0.38 0.380991
160107 1.0 0.61 0.380961
191035 1.0 0.61 0.380289
149708 0.0 0.38 0.380012
165874 0.0 0.37 0.378117
149787 1.0 0.62 0.377769
126200 0.0 0.37 0.377686
140388 0.0 0.37 0.374784
181404 1.0 0.62 0.374529
199217 0.0 0.37 0.373771
124814 0.0 0.37 0.373695
173596 0.0 0.37 0.373542
153908 0.0 0.37 0.372863
198168 0.0 0.37 0.372436
190561 0.0 0.36 0.36999
148058 0.0 0.36 0.369705
165214 0.0 0.36 0.369163
134856 0.0 0.36 0.368798
179927 0.0 0.36 0.368219
139231 1.0 0.63 0.367727
197172 0.0 0.36 0.367055
153586 0.0 0.36 0.366724
199645 0.0 0.36 0.365603
172250 0.0 0.36 0.364732
148170 0.0 0.36 0.364
166325 0.0 0.36 0.363804
181523 0.0 0.36 0.362954
132413 0.0 0.36 0.361973
158774 0.0 0.36 0.360032
171196 0.0 0.35 0.358288
199334 1.0 0.64 0.357544
120635 1.0 0.64 0.356881
159930 0.0 0.35 0.356641
194800 0.0 0.35 0.356614
200831 0.0 0.35 0.356139
148533 1.0 0.64 0.355161
165344 0.0 0.35 0.354834
201394 0.0 0.35 0.354833
145945 0.0 0.35 0.35418
123863 0.0 0.35 0.352582
132930 1.0 0.64 0.351911
201753 0.0 0.35 0.351891
137599 0.0 0.35 0.350518
185353 0.0 0.34 0.349567
180021 1.0 0.65 0.349349
178925 0.0 0.34 0.348401
191863 0.0 0.34 0.3475
182758 0.0 0.34 0.34602
156208 0.0 0.34 0.345469
151032 0.0 0.34 0.345439
160382 0.0 0.34 0.345072
156579 0.0 0.34 0.345006
167897 0.0 0.34 0.344691
124808 0.0 0.34 0.344079
124661 0.0 0.34 0.341752
158045 0.0 0.34 0.341677
193557 0.0 0.34 0.34003
189365 0.0 0.33 0.33967
124894 0.0 0.33 0.339565
188372 0.0 0.33 0.338622
162599 0.0 0.33 0.338475
184730 0.0 0.33 0.337488
160081 1.0 0.66 0.337395
151469 1.0 0.66 0.337149
166644 0.0 0.33 0.336157
126498 0.0 0.33 0.335878
193588 0.0 0.33 0.333749
174892 0.0 0.33 0.333672
118782 0.0 0.33 0.332649
170335 0.0 0.33 0.331442
138614 0.0 0.33 0.330871
181787 0.0 0.33 0.330134
198516 0.0 0.32 0.329646
151591 1.0 0.67 0.328993
199945 0.0 0.32 0.328429
193374 0.0 0.32 0.327639
118196 0.0 0.32 0.327395
147996 1.0 0.67 0.326578
166316 0.0 0.32 0.32529
166312 0.0 0.32 0.324464
200566 0.0 0.32 0.324145
143692 0.0 0.32 0.323916
188211 0.0 0.32 0.32339
177630 0.0 0.32 0.323372
187895 0.0 0.32 0.323106
140447 0.0 0.32 0.322485
176988 0.0 0.32 0.322078
155347 0.0 0.32 0.321781
156298 0.0 0.32 0.321665
201609 0.0 0.32 0.321521
157839 0.0 0.32 0.321254
192069 0.0 0.32 0.32011
160513 0.0 0.31 0.319913
133062 1.0 0.68 0.318325
191779 0.0 0.31 0.318047
188282 0.0 0.31 0.317941
182972 0.0 0.31 0.317823
173114 0.0 0.31 0.316989
169072 0.0 0.31 0.31693
188919 0.0 0.31 0.316626
202106 1.0 0.68 0.315815
176934 0.0 0.31 0.315465
156664 0.0 0.31 0.315307
154908 0.0 0.31 0.314973
159942 0.0 0.31 0.312214
160322 0.0 0.31 0.311313
174460 0.0 0.30 0.30829
172427 0.0 0.30 0.308228
153032 0.0 0.30 0.308193
126052 0.0 0.30 0.30714
186893 0.0 0.30 0.306986
165557 0.0 0.30 0.302026
187383 0.0 0.30 0.301612
159599 0.0 0.30 0.301361
202769 1.0 0.69 0.30116
174362 0.0 0.30 0.300032
170946 0.0 0.29 0.299692
141536 0.0 0.29 0.299143
155270 0.0 0.29 0.298705
125585 1.0 0.70 0.297457
202142 1.0 0.70 0.296064
188570 0.0 0.29 0.295507
113501 1.0 0.70 0.294542
164886 0.0 0.29 0.294305
119875 0.0 0.29 0.294095
115893 1.0 0.70 0.292226
149542 0.0 0.29 0.291272
199746 0.0 0.28 0.28981
175203 0.0 0.28 0.289572
121740 1.0 0.71 0.289474
172455 0.0 0.28 0.289225
143054 0.0 0.28 0.288995
118096 0.0 0.28 0.287692
171185 0.0 0.28 0.287595
138604 1.0 0.71 0.286816
162571 0.0 0.28 0.286806
148531 1.0 0.71 0.284923
157815 0.0 0.28 0.284267
153689 0.0 0.28 0.283809
120641 1.0 0.71 0.282868
147285 0.0 0.28 0.282636
164301 0.0 0.28 0.282471
185525 0.0 0.28 0.282374
158777 0.0 0.28 0.282291
198944 0.0 0.28 0.281597
166061 0.0 0.28 0.281247
121662 1.0 0.71 0.28062
155626 0.0 0.28 0.280183
127184 0.0 0.27 0.279341
183117 0.0 0.27 0.279062
167978 0.0 0.27 0.278868
143882 0.0 0.27 0.278785
178543 0.0 0.27 0.278
180638 0.0 0.27 0.277858
143575 0.0 0.27 0.277036
167191 0.0 0.27 0.276664
148420 0.0 0.27 0.27597
196343 0.0 0.27 0.275601
184774 0.0 0.27 0.275481
148248 1.0 0.72 0.273844
152177 0.0 0.27 0.273546
163798 0.0 0.27 0.272482
160377 0.0 0.27 0.272373
194159 0.0 0.27 0.272144
123367 1.0 0.72 0.27141
165961 0.0 0.27 0.271359
160474 0.0 0.27 0.271037
119029 0.0 0.27 0.270633
132547 1.0 0.72 0.270579
178033 0.0 0.27 0.270076
161511 0.0 0.26 0.268973
189073 0.0 0.26 0.268426
179186 0.0 0.26 0.266871
173328 0.0 0.26 0.266657
174816 0.0 0.26 0.265636
145941 0.0 0.26 0.2655
142619 0.0 0.26 0.263998
160782 0.0 0.26 0.263704
151575 0.0 0.26 0.262227
157811 0.0 0.26 0.261191
198978 0.0 0.26 0.260124
180388 0.0 0.25 0.259817
142454 0.0 0.25 0.259662
178018 0.0 0.25 0.259309
118197 0.0 0.25 0.258974
185925 0.0 0.25 0.258135
145803 0.0 0.25 0.257779
158539 0.0 0.25 0.256857
118004 1.0 0.74 0.256054
189756 0.0 0.25 0.255452
167924 0.0 0.25 0.254607
148214 0.0 0.25 0.254399
186486 0.0 0.25 0.254172
162348 0.0 0.25 0.2538
203208 0.0 0.25 0.253525
193613 0.0 0.25 0.25292
131768 0.0 0.25 0.252529
192415 0.0 0.25 0.252342
132075 0.0 0.25 0.252336
178008 0.0 0.25 0.251539
193605 0.0 0.25 0.251182
179962 0.0 0.25 0.251103
116804 0.0 0.25 0.250995
139158 1.0 0.74 0.25089
180690 0.0 0.25 0.250178
162770 0.0 0.24 0.249815
186862 0.0 0.24 0.248666
182664 0.0 0.24 0.24855
177599 0.0 0.24 0.248124
175410 0.0 0.24 0.247839
183311 0.0 0.24 0.247744
203460 0.0 0.24 0.2473
172487 0.0 0.24 0.246809
143286 0.0 0.24 0.246459
142552 0.0 0.24 0.246321
129879 0.0 0.24 0.246129
197969 0.0 0.24 0.245915
117483 0.0 0.24 0.245421
160315 0.0 0.24 0.244794
148751 0.0 0.24 0.244639
173117 0.0 0.24 0.244283
193016 0.0 0.24 0.244282
119397 0.0 0.24 0.243099
170535 0.0 0.24 0.242107
142425 1.0 0.75 0.241787
167503 0.0 0.24 0.241727
179958 0.0 0.24 0.24126
171146 0.0 0.24 0.240579
199266 0.0 0.24 0.240448
187485 0.0 0.23 0.239548
199818 0.0 0.23 0.239058
155186 0.0 0.23 0.238779
121204 0.0 0.23 0.238519
132693 1.0 0.76 0.236987
177226 1.0 0.76 0.236964
165286 0.0 0.23 0.235817
141928 0.0 0.23 0.235503
182548 0.0 0.23 0.234371
193023 0.0 0.23 0.233955
200863 0.0 0.23 0.233108
183914 0.0 0.23 0.233071
178572 0.0 0.23 0.232528
114710 0.0 0.23 0.232324
150675 0.0 0.23 0.231745
166905 0.0 0.23 0.230864
180506 0.0 0.22 0.229535
181203 0.0 0.22 0.229533
199925 0.0 0.22 0.228198
165729 0.0 0.22 0.227029
157560 1.0 0.77 0.22694
153070 0.0 0.22 0.226628
181094 0.0 0.22 0.226269
152223 0.0 0.22 0.226135
138968 1.0 0.77 0.225599
161166 0.0 0.22 0.225416
149998 0.0 0.22 0.225142
178071 0.0 0.22 0.224519
185421 0.0 0.22 0.22401
155506 0.0 0.22 0.223803
178985 0.0 0.22 0.223546
167951 0.0 0.22 0.223069
140675 0.0 0.22 0.223054
169526 0.0 0.22 0.22212
200752 0.0 0.22 0.221835
199469 0.0 0.22 0.2215
173488 0.0 0.22 0.220698
140516 0.0 0.21 0.219769
197468 0.0 0.21 0.219461
196536 0.0 0.21 0.219112
160610 0.0 0.21 0.217901
157392 0.0 0.21 0.216571
203195 0.0 0.21 0.216379
200983 0.0 0.21 0.215735
200122 0.0 0.21 0.215666
162380 0.0 0.21 0.215459
142428 0.0 0.21 0.215423
144449 1.0 0.78 0.213522
157333 0.0 0.21 0.212937
168369 0.0 0.21 0.212288
170402 0.0 0.21 0.212205
186538 0.0 0.20 0.209723
118200 0.0 0.20 0.209329
200421 0.0 0.20 0.208959
145272 0.0 0.20 0.20809
148440 0.0 0.20 0.207569
153749 0.0 0.20 0.20742
146807 0.0 0.20 0.205293
174789 0.0 0.20 0.205089
186544 0.0 0.20 0.205082
141751 0.0 0.20 0.204808
155908 0.0 0.20 0.204688
119797 0.0 0.20 0.203909
153699 0.0 0.20 0.203828
199731 0.0 0.20 0.202747
132561 1.0 0.79 0.202511
121463 0.0 0.20 0.201822
173514 0.0 0.20 0.201549
158908 0.0 0.20 0.201273
160012 0.0 0.19 0.199796
150028 0.0 0.19 0.19938
201265 0.0 0.19 0.199285
162971 0.0 0.19 0.199276
187411 0.0 0.19 0.198276
165410 0.0 0.19 0.198013
166399 0.0 0.19 0.197051
188320 0.0 0.19 0.196755
155259 0.0 0.19 0.195778
199631 0.0 0.19 0.195369
150198 1.0 0.80 0.193495
172065 0.0 0.19 0.193434
195695 0.0 0.19 0.193053
179234 0.0 0.19 0.192924
119682 0.0 0.19 0.192162
141498 0.0 0.18 0.188676
130009 0.0 0.18 0.188193
149509 0.0 0.18 0.187999
139900 0.0 0.18 0.187872
121435 0.0 0.18 0.187475
149481 0.0 0.18 0.186444
172587 0.0 0.18 0.186153
156566 0.0 0.18 0.1859
160046 1.0 0.81 0.185604
198300 0.0 0.18 0.185485
144339 0.0 0.18 0.184926
178389 0.0 0.18 0.184598
172640 0.0 0.18 0.18459
144344 0.0 0.18 0.183505
163489 0.0 0.18 0.183328
173564 0.0 0.18 0.182806
181636 0.0 0.18 0.182491
197184 0.0 0.18 0.182261
181037 0.0 0.18 0.182001
152226 1.0 0.81 0.181915
178684 0.0 0.18 0.181518
190877 0.0 0.18 0.181381
136821 1.0 0.81 0.181024
132921 1.0 0.81 0.180892
156708 0.0 0.18 0.180554
201826 0.0 0.17 0.179683
144971 0.0 0.17 0.179197
182990 0.0 0.17 0.17899
148304 0.0 0.17 0.178683
195410 0.0 0.17 0.17837
194851 0.0 0.17 0.177973
160773 0.0 0.17 0.176947
183727 0.0 0.17 0.175994
173118 0.0 0.17 0.175463
165681 0.0 0.17 0.175348
173426 0.0 0.17 0.172179
195302 0.0 0.17 0.170479
107919 0.0 0.17 0.170232
180630 0.0 0.16 0.169642
153454 0.0 0.16 0.16911
194148 0.0 0.16 0.16871
195529 0.0 0.16 0.167681
180092 0.0 0.16 0.166909
149440 0.0 0.16 0.166891
119165 0.0 0.16 0.166438
128021 1.0 0.83 0.165068
116809 0.0 0.16 0.164861
195720 0.0 0.16 0.164173
152500 0.0 0.16 0.163104
186372 0.0 0.16 0.1631
196818 0.0 0.16 0.162853
194802 0.0 0.16 0.162601
169244 0.0 0.16 0.162427
185368 0.0 0.16 0.161922
179313 0.0 0.16 0.161077
166615 0.0 0.16 0.160201
190040 0.0 0.16 0.16012
173266 0.0 0.15 0.159893
188898 0.0 0.15 0.159581
196038 0.0 0.15 0.159156
140553 0.0 0.15 0.158831
148006 0.0 0.15 0.158508
194760 0.0 0.15 0.158295
164893 0.0 0.15 0.158205
202839 0.0 0.15 0.157714
183232 0.0 0.15 0.156929
166525 0.0 0.15 0.15606
202385 0.0 0.15 0.155746
157972 0.0 0.15 0.155317
151914 0.0 0.15 0.155287
153895 0.0 0.15 0.155226
200093 0.0 0.15 0.155127
183595 0.0 0.15 0.153497
188827 0.0 0.15 0.152921
161196 0.0 0.15 0.152905
167125 0.0 0.15 0.151916
172183 0.0 0.15 0.151332
164642 0.0 0.15 0.150716
153442 0.0 0.15 0.150083
183132 0.0 0.14 0.149191
167785 0.0 0.14 0.147328
191062 0.0 0.14 0.147105
162746 0.0 0.14 0.146738
191415 0.0 0.14 0.146283
172191 0.0 0.14 0.146189
170085 0.0 0.14 0.145547
182177 0.0 0.14 0.144835
189954 0.0 0.14 0.144787
178575 0.0 0.14 0.143232
203419 0.0 0.14 0.142731
202410 0.0 0.14 0.141804
144515 0.0 0.14 0.140985
144471 0.0 0.14 0.140957
151350 0.0 0.14 0.140554
186120 0.0 0.14 0.140066
188591 0.0 0.14 0.14002
165610 0.0 0.13 0.139499
187144 0.0 0.13 0.139085
177334 0.0 0.13 0.138773
168230 0.0 0.13 0.138532
174401 0.0 0.13 0.13781
148858 0.0 0.13 0.137653
192572 0.0 0.13 0.137294
155670 0.0 0.13 0.136607
156072 0.0 0.13 0.136156
146507 0.0 0.13 0.135928
164083 0.0 0.13 0.135773
182669 0.0 0.13 0.134407
181326 0.0 0.13 0.134218
133725 1.0 0.86 0.134024
121079 0.0 0.13 0.132844
199870 0.0 0.13 0.132033
196960 0.0 0.13 0.131893
155308 0.0 0.13 0.131187
184435 0.0 0.13 0.130752
193404 0.0 0.13 0.130372
179364 0.0 0.13 0.13027
181471 0.0 0.12 0.129931
127502 1.0 0.87 0.12884
158121 0.0 0.12 0.128759
129113 0.0 0.12 0.128552
203356 0.0 0.12 0.128053
152823 0.0 0.12 0.127652
137076 0.0 0.12 0.127577
165635 0.0 0.12 0.127443
172329 0.0 0.12 0.127187
179340 0.0 0.12 0.126086
164801 0.0 0.12 0.125945
169968 0.0 0.12 0.125069
196145 0.0 0.12 0.123142
182927 0.0 0.12 0.122736
194050 0.0 0.12 0.122433
191228 0.0 0.11 0.119947
172161 0.0 0.11 0.119466
182955 0.0 0.11 0.118961
171708 0.0 0.11 0.117066
151040 0.0 0.11 0.117014
157632 0.0 0.11 0.116763
147051 0.0 0.11 0.11641
158330 0.0 0.11 0.115925
157109 0.0 0.11 0.115877
165925 0.0 0.11 0.115808
161519 0.0 0.11 0.11556
194689 0.0 0.11 0.115246
144773 0.0 0.11 0.114764
188440 0.0 0.11 0.113243
182509 0.0 0.11 0.112792
182918 0.0 0.11 0.112155
169079 0.0 0.11 0.111775
164930 0.0 0.11 0.111767
188192 0.0 0.11 0.11132
146217 0.0 0.11 0.110923
155235 0.0 0.11 0.110716
144294 0.0 0.11 0.110289
151710 0.0 0.10 0.109977
174662 0.0 0.10 0.109469
151675 0.0 0.10 0.109395
166430 0.0 0.10 0.10825
138364 0.0 0.10 0.107522
196238 0.0 0.10 0.107424
154623 0.0 0.10 0.107284
201705 0.0 0.10 0.107195
161689 0.0 0.10 0.107166
158713 0.0 0.10 0.106988
127244 1.0 0.89 0.106665
177458 0.0 0.10 0.106562
145791 0.0 0.10 0.105455
202750 0.0 0.10 0.104521
184485 0.0 0.10 0.104369
202241 0.0 0.10 0.102387
141203 0.0 0.10 0.102268
176785 0.0 0.10 0.102045
178169 0.0 0.10 0.101844
146304 0.0 0.10 0.101787
197527 0.0 0.10 0.10098
156346 0.0 0.10 0.100029
173587 0.0 0.09 0.0998367
199278 0.0 0.09 0.0997873
168216 0.0 0.09 0.0994851
185354 0.0 0.09 0.099438
181003 0.0 0.09 0.0993654
160975 0.0 0.09 0.0992745
146782 0.0 0.09 0.0991355
183827 0.0 0.09 0.0990692
170307 0.0 0.09 0.0989149
150875 0.0 0.09 0.0983586
173356 0.0 0.09 0.0980452
178323 0.0 0.09 0.0974687
113284 0.0 0.09 0.0974498
126885 0.0 0.09 0.0972745
180556 0.0 0.09 0.0971205
191546 0.0 0.09 0.0970296
154848 0.0 0.09 0.0966603
159821 0.0 0.09 0.0959767
146387 0.0 0.09 0.0934896
173920 0.0 0.09 0.0930413
160035 0.0 0.09 0.0927987
140959 0.0 0.09 0.0926306
184671 0.0 0.09 0.092579
110558 0.0 0.09 0.0925581
177148 0.0 0.09 0.0920478
167148 0.0 0.09 0.0910511
105154 0.0 0.09 0.0906268
169200 0.0 0.09 0.0904737
175953 0.0 0.08 0.0890445
166754 0.0 0.08 0.0884781
174312 0.0 0.08 0.0884724
164382 0.0 0.08 0.0882559
105020 0.0 0.08 0.0877322
173133 0.0 0.08 0.0876354
176429 0.0 0.08 0.0869271
193314 0.0 0.08 0.086827
177151 0.0 0.08 0.0862469
175243 0.0 0.08 0.0861522
163113 0.0 0.08 0.0853453
167480 0.0 0.08 0.0850293
148215 0.0 0.08 0.0841486
149483 0.0 0.08 0.0837902
152756 0.0 0.08 0.0831142
164128 0.0 0.08 0.0828961
150674 0.0 0.08 0.0824125
178915 0.0 0.08 0.0819152
168341 0.0 0.08 0.0807538
168160 0.0 0.08 0.0804878
161470 0.0 0.08 0.0803427
185244 0.0 0.07 0.0797852
124655 0.0 0.07 0.0794698
173357 0.0 0.07 0.0791192
176806 0.0 0.07 0.0776395
199953 0.0 0.07 0.0765682
202328 0.0 0.07 0.0759813
191862 0.0 0.07 0.0752165
187562 0.0 0.07 0.0743329
187885 0.0 0.07 0.0740979
197176 0.0 0.07 0.0738574
187287 0.0 0.07 0.0724355
123103 0.0 0.07 0.0724196
172582 0.0 0.07 0.0721831
153962 0.0 0.07 0.0714889
178243 0.0 0.07 0.0711527
147213 0.0 0.07 0.0709278
197643 0.0 0.07 0.0706851
130549 0.0 0.07 0.0705525
169130 0.0 0.07 0.0703943
168530 0.0 0.06 0.069222
201382 0.0 0.06 0.0689459
142970 0.0 0.06 0.0673531
193340 0.0 0.06 0.0666684
163340 0.0 0.06 0.0664797
174468 0.0 0.06 0.0663103
165276 0.0 0.06 0.0657056
164027 0.0 0.06 0.0650411
186557 0.0 0.06 0.064984
177175 0.0 0.06 0.0646827
153762 0.0 0.06 0.0644667
195487 0.0 0.06 0.0641985
198630 0.0 0.06 0.0639246
166361 0.0 0.06 0.0638293
179181 0.0 0.06 0.0638273
184651 0.0 0.06 0.0635167
193122 0.0 0.06 0.0632758
164075 0.0 0.06 0.063025
157123 0.0 0.06 0.0629434
169231 0.0 0.06 0.0622525
172179 0.0 0.06 0.0621424
203210 0.0 0.06 0.061887
148611 0.0 0.06 0.0618834
140658 0.0 0.06 0.0615784
185975 0.0 0.06 0.0611038
192438 0.0 0.06 0.0603982
189511 0.0 0.06 0.060333
182305 0.0 0.05 0.0599518
143297 0.0 0.05 0.058393
189098 0.0 0.05 0.0583632
125885 0.0 0.05 0.0582474
182631 0.0 0.05 0.0582051
191931 0.0 0.05 0.0581986
199006 0.0 0.05 0.0580144
138260 0.0 0.05 0.0574868
140796 0.0 0.05 0.0565808
103932 0.0 0.05 0.0554258
144334 0.0 0.05 0.0552346
187275 0.0 0.05 0.0549747
178101 0.0 0.05 0.0548186
182214 0.0 0.05 0.0544195
164120 0.0 0.05 0.0543168
170336 0.0 0.05 0.0530906
155213 0.0 0.05 0.052919
169596 0.0 0.05 0.052188
185053 0.0 0.05 0.0509337
163921 0.0 0.05 0.0506696
183093 0.0 0.04 0.046918
192176 0.0 0.04 0.0465318
140791 0.0 0.04 0.046378
191940 0.0 0.04 0.0461341
198196 0.0 0.04 0.0458911
198028 0.0 0.04 0.0450404
174876 0.0 0.04 0.044527
115858 0.0 0.04 0.0442242
157426 0.0 0.04 0.0437421
177619 0.0 0.04 0.043449
156339 0.0 0.04 0.0429692
168134 0.0 0.04 0.0428561
158653 0.0 0.04 0.0426989
146856 0.0 0.04 0.0422865
188746 0.0 0.04 0.042134
150949 0.0 0.04 0.0416049
159459 0.0 0.04 0.0401731
166579 0.0 0.03 0.0397722
189420 0.0 0.03 0.0390209
142921 0.0 0.03 0.038956
179105 0.0 0.03 0.0373123
182536 0.0 0.03 0.0370751
153756 0.0 0.03 0.0365349
177918 0.0 0.03 0.0362612
183418 0.0 0.03 0.0352713
191508 0.0 0.03 0.0352159
167913 0.0 0.03 0.034967
169468 0.0 0.03 0.034592
184744 0.0 0.03 0.0345509
189678 0.0 0.03 0.0340965
142877 0.0 0.03 0.031684
166966 0.0 0.03 0.0313642
171623 0.0 0.03 0.0307439
191599 0.0 0.03 0.0302575
154776 0.0 0.02 0.0296088
189337 0.0 0.02 0.0290737
188172 0.0 0.02 0.0285776
189916 0.0 0.02 0.028401
185885 0.0 0.02 0.0284009
153245 0.0 0.02 0.0280987
169153 0.0 0.02 0.0275292
194595 0.0 0.02 0.0274844
198612 0.0 0.02 0.0272602
174048 0.0 0.02 0.0271032
148407 0.0 0.02 0.0256612
185200 0.0 0.02 0.0253309
187271 0.0 0.02 0.0248838
121847 0.0 0.02 0.0244224
108851 0.0 0.02 0.022337
181166 0.0 0.02 0.0220333
184479 0.0 0.02 0.0207457
161551 0.0 0.02 0.0207063
108575 0.0 0.01 0.0198079
144883 0.0 0.01 0.0192056
151162 0.0 0.01 0.0172884
147403 0.0 0.01 0.0165263
166087 0.0 0.01 0.0161586
152708 0.0 0.01 0.0154813
167518 0.0 0.01 0.014944
201836 0.0 0.01 0.0144761
170451 0.0 0.01 0.0143038
190961 0.0 0.01 0.0136834
174860 0.0 0.01 0.0136608
143024 0.0 0.01 0.0132899
158579 0.0 0.01 0.0128315
201656 0.0 0.01 0.0123298
192493 0.0 0.01 0.0115789
152205 0.0 0.00 0.00957686
199805 0.0 0.00 0.00766297
196477 0.0 0.00 0.00736514
191129 0.0 0.00 0.00735541
93155 0.0 0.00 0.00732096
146514 0.0 0.00 0.0039217
196072 0.0 0.00 0.00391134
201018 0.0 0.00 0.00359246
155840 0.0 0.00 0.00231133
185463 0.0 0.00 0.00143285
