138029 0.0 0.99 0.999274
197059 1.0 0.01 0.9853125
127246 0.0 0.95 0.956389
139749 0.0 0.92 0.923676
156814 1.0 0.15 0.842681
201752 0.0 0.65 0.656892
149789 0.0 0.64 0.645151
150895 0.0 0.63 0.633116
196966 0.0 0.59 0.599961
203272 0.0 0.59 0.592668
136497 0.0 0.58 0.586841
139936 1.0 0.45 0.544016
145240 0.0 0.54 0.54227
129140 0.0 0.46 0.460845
146822 0.0 0.45 0.458664
181727 0.0 0.45 0.45594
94659 0.0 0.45 0.455382
128119 0.0 0.45 0.454207
155596 1.0 0.62 0.372943
188248 0.0 0.34 0.349271
118643 0.0 0.34 0.344238
120635 0.0 0.26 0.261264
158757 0.0 0.23 0.231174
156812 1.0 0.77 0.223991
198846 0.0 0.21 0.213246
119007 1.0 0.82 0.171643
180354 0.0 0.14 0.148213
151785 0.0 0.14 0.146235
125532 0.0 0.13 0.134581
160544 0.0 0.13 0.1331
152485 1.0 0.88 0.113831
198917 0.0 0.10 0.102719
158020 0.0 0.10 0.100522
177226 0.0 0.09 0.0992474
194639 0.0 0.09 0.0987603
145284 0.0 0.09 0.0962128
173808 0.0 0.08 0.0880427
108375 0.0 0.08 0.0863939
129673 0.0 0.08 0.0809688
123617 0.0 0.08 0.080782
201149 1.0 0.92 0.074933
120736 0.0 0.07 0.0749073
123038 0.0 0.07 0.0748134
162623 0.0 0.07 0.0724169
118683 1.0 0.92 0.070069
123377 0.0 0.06 0.0686394
171117 0.0 0.06 0.0685067
194970 0.0 0.06 0.0609641
101289 1.0 0.93 0.06022
166973 0.0 0.05 0.0556787
166134 0.0 0.05 0.0541296
164669 0.0 0.05 0.0538465
150198 1.0 0.94 0.053059
201254 1.0 0.94 0.052973
141058 0.0 0.05 0.0524244
154977 0.0 0.05 0.0515978
153976 0.0 0.04 0.0476211
149855 1.0 0.95 0.046599
202444 0.0 0.04 0.0456515
168775 0.0 0.04 0.0455045
149805 1.0 0.95 0.040687
115511 0.0 0.03 0.0386749
155643 1.0 0.96 0.037341
130334 1.0 0.96 0.03722
123940 0.0 0.03 0.0366727
107472 0.0 0.03 0.03539
143058 0.0 0.03 0.0352913
130308 0.0 0.03 0.0342943
143947 0.0 0.03 0.033391
120720 0.0 0.03 0.0332932
189229 0.0 0.03 0.0329465
162024 1.0 0.96 0.031253
113170 1.0 0.97 0.024759
157530 0.0 0.02 0.0244747
197261 0.0 0.02 0.0242202
179200 0.0 0.02 0.0230212
199519 0.0 0.02 0.0218804
156046 1.0 0.97 0.02092
191921 0.0 0.02 0.0207208
158064 0.0 0.01 0.0183873
190638 0.0 0.01 0.0183856
199781 0.0 0.01 0.0181592
121233 0.0 0.01 0.017271
152497 0.0 0.01 0.0169655
146435 0.0 0.01 0.0145623
203502 0.0 0.01 0.0145462
128232 0.0 0.01 0.0145256
166282 0.0 0.01 0.0136658
200981 1.0 0.98 0.012872
158300 0.0 0.01 0.0127018
130303 1.0 0.98 0.012697
126842 0.0 0.01 0.0125361
188725 0.0 0.01 0.0120045
187180 0.0 0.01 0.0112768
179932 0.0 0.01 0.0107003
96944 0.0 0.01 0.0106935
188187 0.0 0.01 0.010686
144042 0.0 0.01 0.0106424
197928 0.0 0.01 0.0103107
142497 1.0 0.98 0.010128
194687 1.0 0.99 0.009752
135232 0.0 0.00 0.00960932
150445 0.0 0.00 0.00783187
155346 0.0 0.00 0.00757261
177253 0.0 0.00 0.00744883
172056 0.0 0.00 0.00722313
202424 0.0 0.00 0.00659485
165378 1.0 0.99 0.006544
194661 0.0 0.00 0.00625575
165111 0.0 0.00 0.00619708
155620 0.0 0.00 0.00603131
123547 0.0 0.00 0.00567195
126122 0.0 0.00 0.00558109
156031 0.0 0.00 0.00554935
174418 0.0 0.00 0.00553187
112107 0.0 0.00 0.00548467
135549 0.0 0.00 0.00528931
153769 0.0 0.00 0.00491109
157351 0.0 0.00 0.0048139
153087 0.0 0.00 0.00469683
156855 0.0 0.00 0.00441816
132562 0.0 0.00 0.0043326
112895 1.0 0.99 0.003863
156901 0.0 0.00 0.00382471
165284 0.0 0.00 0.00381993
127168 0.0 0.00 0.00379344
189528 0.0 0.00 0.00379227
185929 0.0 0.00 0.00374147
158399 0.0 0.00 0.00335117
142550 0.0 0.00 0.00329156
173295 0.0 0.00 0.00319657
139280 0.0 0.00 0.00306338
202923 0.0 0.00 0.00304196
150841 1.0 0.99 0.003027
156710 0.0 0.00 0.00290112
168339 0.0 0.00 0.00279505
113378 0.0 0.00 0.00256582
190886 0.0 0.00 0.00230541
148940 0.0 0.00 0.00228744
196387 0.0 0.00 0.00227154
119036 0.0 0.00 0.00221556
130262 0.0 0.00 0.00210683
108061 1.0 0.99 0.001902
125726 0.0 0.00 0.00184165
149843 1.0 0.99 0.001759
158098 0.0 0.00 0.00166144
196745 0.0 0.00 0.00159948
144271 0.0 0.00 0.00159048
136469 0.0 0.00 0.0015754
135631 0.0 0.00 0.0015363
182630 0.0 0.00 0.00148429
152753 0.0 0.00 0.00148299
188041 0.0 0.00 0.00144327
177540 0.0 0.00 0.00133641
123051 0.0 0.00 0.00124226
161586 0.0 0.00 0.00117744
186960 0.0 0.00 0.00116416
148132 1.0 0.99 0.001161
65070 0.0 0.00 0.00113149
171821 0.0 0.00 0.00107436
123028 0.0 0.00 0.00103355
149847 1.0 0.99 0.001031
119430 0.0 0.00 0.000960205
201112 1.0 0.99 0.000959
162235 0.0 0.00 0.000898139
144020 0.0 0.00 0.000893828
156485 0.0 0.00 0.000883087
156842 0.0 0.00 0.00085337
153375 0.0 0.00 0.000836073
177586 0.0 0.00 0.000819264
195901 0.0 0.00 0.000805674
140433 0.0 0.00 0.000799815
137492 0.0 0.00 0.000784337
159945 0.0 0.00 0.000658935
149865 0.0 0.00 0.000623228
166952 0.0 0.00 0.000590485
119786 1.0 0.99 0.00058
196038 0.0 0.00 0.000544019
178615 0.0 0.00 0.000516571
201466 0.0 0.00 0.000509342
175071 0.0 0.00 0.000495544
155273 0.0 0.00 0.00047172
153292 0.0 0.00 0.000455857
165213 0.0 0.00 0.000427636
160028 0.0 0.00 0.000392551
185919 0.0 0.00 0.000383756
200389 0.0 0.00 0.000374482
193625 0.0 0.00 0.000361867
143717 0.0 0.00 0.000353711
159664 0.0 0.00 0.000351681
147454 0.0 0.00 0.000347417
148994 0.0 0.00 0.000314466
126162 0.0 0.00 0.000312729
131856 0.0 0.00 0.000311517
155548 0.0 0.00 0.000291029
148232 0.0 0.00 0.000275801
156850 0.0 0.00 0.000267508
170475 0.0 0.00 0.000259373
119798 1.0 0.99 0.000256
125336 0.0 0.00 0.000242366
202360 0.0 0.00 0.000239103
169749 0.0 0.00 0.000226166
119773 1.0 0.99 0.000218
151991 0.0 0.00 0.000213495
136401 0.0 0.00 0.000194539
186311 0.0 0.00 0.000192951
196761 0.0 0.00 0.000174018
117075 0.0 0.00 0.000173959
141834 0.0 0.00 0.000171422
151622 0.0 0.00 0.000157219
79028 0.0 0.00 0.000151723
145549 0.0 0.00 0.000145548
201173 1.0 0.99 0.000141
139259 0.0 0.00 0.000139887
133448 0.0 0.00 0.00013062
144913 0.0 0.00 0.000130547
147670 0.0 0.00 0.000117381
180881 0.0 0.00 0.000115608
157608 0.0 0.00 0.000115542
191945 0.0 0.00 0.00010589
187217 0.0 0.00 0.000100676
179144 0.0 9.90 9.90148e-05
191521 0.0 9.87 9.87749e-05
128953 0.0 9.46 9.46832e-05
141295 0.0 9.46 9.4671e-05
158328 0.0 9.19 9.19244e-05
198560 0.0 8.96 8.96876e-05
127658 0.0 8.84 8.84689e-05
142898 0.0 8.82 8.82254e-05
125822 0.0 8.22 8.22884e-05
150016 0.0 7.65 7.65045e-05
188503 0.0 7.42 7.42397e-05
152792 0.0 7.15 7.15894e-05
185894 0.0 6.77 6.77372e-05
198073 0.0 6.47 6.47148e-05
180779 0.0 6.17 6.17197e-05
194789 0.0 5.48 5.4865e-05
195593 0.0 5.47 5.47344e-05
184064 0.0 5.36 5.36477e-05
167985 0.0 5.30 5.30157e-05
156189 0.0 5.19 5.1972e-05
122900 0.0 4.82 4.82785e-05
185174 0.0 4.70 4.70197e-05
194482 0.0 4.41 4.4106e-05
178258 0.0 4.32 4.3214e-05
157957 0.0 4.30 4.30792e-05
193647 0.0 3.63 3.6323e-05
187131 0.0 3.49 3.4917e-05
148417 0.0 3.22 3.22948e-05
191190 0.0 3.13 3.13158e-05
144829 0.0 2.95 2.95955e-05
156479 0.0 2.82 2.82835e-05
176158 0.0 2.82 2.82041e-05
182752 0.0 2.56 2.56331e-05
179948 0.0 2.54 2.54303e-05
165345 0.0 2.45 2.45128e-05
203044 0.0 2.45 2.45089e-05
165639 0.0 2.38 2.38574e-05
129682 0.0 2.21 2.21429e-05
123967 0.0 2.17 2.17033e-05
159758 0.0 2.05 2.05319e-05
187962 0.0 2.04 2.04358e-05
166021 0.0 1.92 1.92353e-05
112402 1.0 0.99 1.8e-05
147655 0.0 1.68 1.68881e-05
195681 0.0 1.66 1.66164e-05
195819 0.0 1.64 1.64049e-05
187009 0.0 1.62 1.6261e-05
118583 0.0 1.59 1.59591e-05
146755 0.0 1.58 1.58196e-05
177263 0.0 1.56 1.56019e-05
112409 1.0 0.99 1.5e-05
138420 0.0 1.49 1.49496e-05
189521 0.0 1.40 1.40795e-05
188614 0.0 1.35 1.35955e-05
182474 0.0 1.35 1.3557e-05
182287 0.0 1.33 1.33316e-05
188019 0.0 1.31 1.31092e-05
199792 0.0 1.30 1.30047e-05
175285 0.0 1.27 1.27706e-05
151109 0.0 1.25 1.25699e-05
165589 0.0 1.23 1.23826e-05
142654 0.0 1.16 1.16747e-05
154816 0.0 1.07 1.07184e-05
172581 0.0 9.49 9.4997e-06
179334 0.0 9.24 9.24542e-06
189187 0.0 9.22 9.22395e-06
167411 0.0 8.92 8.92393e-06
154724 0.0 8.76 8.7696e-06
153178 0.0 7.46 7.46883e-06
166071 0.0 7.03 7.03932e-06
198091 0.0 6.99 6.99043e-06
178798 0.0 6.08 6.08988e-06
154372 0.0 4.96 4.96195e-06
200811 0.0 4.32 4.32824e-06
147362 0.0 4.31 4.31111e-06
127816 0.0 4.17 4.17182e-06
194673 0.0 4.07 4.07144e-06
199951 0.0 3.92 3.92467e-06
167958 0.0 3.82 3.82972e-06
181940 0.0 3.80 3.80071e-06
191961 0.0 3.53 3.53686e-06
199963 0.0 3.50 3.50419e-06
180028 0.0 3.49 3.49765e-06
194345 0.0 3.38 3.38084e-06
146780 0.0 3.31 3.31731e-06
191509 0.0 3.31 3.31177e-06
183844 0.0 3.08 3.08531e-06
184773 0.0 2.98 2.98934e-06
159295 0.0 2.98 2.98304e-06
142639 0.0 2.91 2.91806e-06
192438 0.0 2.79 2.79257e-06
176281 0.0 2.71 2.71512e-06
178339 0.0 2.58 2.58884e-06
161742 0.0 2.44 2.4491e-06
159577 0.0 2.37 2.37403e-06
190923 0.0 2.34 2.34991e-06
153274 0.0 2.34 2.34047e-06
168124 0.0 2.24 2.24722e-06
177817 0.0 1.88 1.88076e-06
171687 0.0 1.87 1.87327e-06
200912 0.0 1.80 1.80553e-06
182671 0.0 1.78 1.78746e-06
157588 0.0 1.76 1.76717e-06
154158 0.0 1.71 1.71824e-06
119926 0.0 1.65 1.65904e-06
175194 0.0 1.60 1.60505e-06
149511 0.0 1.55 1.55038e-06
125536 0.0 1.52 1.52968e-06
117463 0.0 1.48 1.48284e-06
196376 0.0 1.47 1.47918e-06
164466 0.0 1.40 1.40148e-06
159259 0.0 1.35 1.35671e-06
145749 0.0 1.29 1.29103e-06
198150 0.0 1.22 1.22454e-06
136812 0.0 1.20 1.20131e-06
163911 0.0 1.15 1.15175e-06
149462 0.0 1.00 1.00637e-06
159708 0.0 9.84 9.84377e-07
140783 0.0 9.79 9.79125e-07
186544 0.0 9.51 9.51682e-07
149576 0.0 9.28 9.28586e-07
189968 0.0 8.99 8.99688e-07
185223 0.0 8.76 8.76356e-07
175950 0.0 8.40 8.40216e-07
183945 0.0 7.61 7.61872e-07
151948 0.0 7.60 7.6008e-07
119396 0.0 7.52 7.52965e-07
125307 0.0 7.45 7.45696e-07
144496 0.0 6.52 6.5271e-07
179151 0.0 6.36 6.36116e-07
144486 0.0 6.22 6.22898e-07
152977 0.0 6.16 6.16436e-07
169344 0.0 5.46 5.46991e-07
146259 0.0 5.46 5.46599e-07
169185 0.0 5.31 5.3137e-07
139251 0.0 5.26 5.26565e-07
143626 0.0 4.92 4.92469e-07
140326 0.0 4.46 4.46089e-07
186610 0.0 4.07 4.07873e-07
193447 0.0 3.82 3.82927e-07
141506 0.0 3.70 3.70978e-07
169370 0.0 3.41 3.41889e-07
192396 0.0 3.16 3.16635e-07
165392 0.0 2.95 2.95576e-07
203303 0.0 2.86 2.86588e-07
202227 0.0 2.76 2.76512e-07
141524 0.0 2.76 2.76132e-07
149954 0.0 2.64 2.64755e-07
175447 0.0 2.42 2.4207e-07
142966 0.0 2.34 2.34643e-07
157567 0.0 2.29 2.29316e-07
172183 0.0 2.21 2.2112e-07
166314 0.0 2.08 2.08311e-07
156230 0.0 1.94 1.94303e-07
155374 0.0 1.60 1.60404e-07
150757 0.0 1.60 1.60379e-07
181640 0.0 1.56 1.56656e-07
188765 0.0 1.52 1.52792e-07
167936 0.0 1.45 1.45408e-07
160835 0.0 1.39 1.39788e-07
190069 0.0 1.33 1.33168e-07
173310 0.0 1.11 1.11941e-07
181462 0.0 1.11 1.11511e-07
181139 0.0 8.76 8.76885e-08
134979 0.0 8.36 8.36607e-08
187577 0.0 8.00 8.00207e-08
182702 0.0 7.84 7.84776e-08
196374 0.0 7.61 7.61328e-08
180607 0.0 6.51 6.51666e-08
193480 0.0 6.38 6.38328e-08
182312 0.0 5.10 5.10862e-08
190632 0.0 4.84 4.84765e-08
160070 0.0 4.70 4.70068e-08
145795 0.0 4.67 4.67244e-08
158466 0.0 4.41 4.41967e-08
165234 0.0 4.29 4.2936e-08
197490 0.0 4.17 4.17703e-08
166891 0.0 4.07 4.07521e-08
176427 0.0 2.79 2.79421e-08
193294 0.0 2.78 2.78755e-08
155463 0.0 2.66 2.66273e-08
158821 0.0 2.44 2.44696e-08
183620 0.0 2.35 2.35407e-08
193227 0.0 2.04 2.04831e-08
178405 0.0 1.76 1.76764e-08
145815 0.0 1.59 1.59646e-08
171605 0.0 1.56 1.56038e-08
183475 0.0 1.46 1.46081e-08
175518 0.0 1.27 1.27671e-08
178985 0.0 1.21 1.21349e-08
183007 0.0 9.98 9.98251e-09
142667 0.0 9.22 9.22209e-09
167861 0.0 7.76 7.76399e-09
197605 0.0 7.06 7.06571e-09
175281 0.0 6.87 6.87965e-09
175242 0.0 5.52 5.52235e-09
154331 0.0 4.89 4.89725e-09
202585 0.0 3.02 3.02816e-09
193303 0.0 2.98 2.98818e-09
172739 0.0 2.85 2.85342e-09
193299 0.0 2.77 2.7727e-09
184533 0.0 2.63 2.63543e-09
187018 0.0 2.12 2.12688e-09
180268 0.0 1.47 1.47239e-09
144191 0.0 1.45 1.45753e-09
195483 0.0 1.38 1.38715e-09
178925 0.0 1.21 1.21875e-09
174993 0.0 1.13 1.13956e-09
178265 0.0 9.93 9.93541e-10
183191 0.0 5.50 5.50709e-10
177363 0.0 2.96 2.96108e-10
171624 0.0 2.95 2.95861e-10
168020 0.0 2.49 2.49668e-10
166188 0.0 2.14 2.14307e-10
165352 0.0 1.75 1.75213e-10
175508 0.0 1.41 1.4157e-10
148491 0.0 6.68 6.68504e-11
199721 0.0 3.70 3.70352e-11
172708 0.0 1.98 1.9806e-11
160708 0.0 2.59 2.59994e-12
