144270 1.0 0.99 0.007611
144280 1.0 0.98 0.016843
166577 1.0 0.96 0.030941
144343 1.0 0.96 0.035912
109628 1.0 0.96 0.037668
144344 1.0 0.96 0.03829
126076 1.0 0.96 0.038319
144023 1.0 0.96 0.039493
183316 1.0 0.95 0.043139
155691 1.0 0.95 0.044484
128732 1.0 0.95 0.045455
160620 1.0 0.95 0.048613
144282 1.0 0.94 0.053529
123972 1.0 0.94 0.054864
112459 1.0 0.94 0.055493
166595 1.0 0.94 0.055958
158657 1.0 0.94 0.056181
119548 1.0 0.94 0.059239
109218 1.0 0.93 0.061166
93393 1.0 0.93 0.06568
79047 1.0 0.93 0.067667
110576 1.0 0.92 0.073053
114715 1.0 0.92 0.075359
95083 1.0 0.92 0.077592
160619 1.0 0.92 0.079729
159296 1.0 0.92 0.079895
108228 1.0 0.91 0.085343
148719 1.0 0.91 0.085773
173037 1.0 0.91 0.086431
153591 1.0 0.91 0.087714
108227 1.0 0.91 0.088395
134351 1.0 0.91 0.088496
160629 1.0 0.90 0.092123
141407 1.0 0.90 0.095962
188635 1.0 0.90 0.09702
189521 1.0 0.89 0.101283
105597 1.0 0.89 0.102075
138606 1.0 0.89 0.103975
112109 1.0 0.89 0.109028
134897 1.0 0.88 0.110659
142594 1.0 0.87 0.123908
198488 1.0 0.87 0.125444
141428 1.0 0.87 0.127165
127279 1.0 0.87 0.128136
160627 1.0 0.87 0.128326
158335 1.0 0.87 0.129124
118105 1.0 0.86 0.130855
114724 1.0 0.86 0.134594
153541 1.0 0.86 0.134597
144020 1.0 0.86 0.138632
198205 1.0 0.85 0.144324
112159 1.0 0.85 0.144536
168368 1.0 0.85 0.146609
149639 1.0 0.85 0.148358
108545 1.0 0.85 0.148414
119800 1.0 0.84 0.152659
188850 1.0 0.84 0.153124
115828 1.0 0.84 0.154094
108562 1.0 0.84 0.154534
191973 1.0 0.84 0.156922
198640 1.0 0.84 0.159259
166591 1.0 0.84 0.159331
144269 1.0 0.84 0.159492
121530 1.0 0.83 0.162947
197332 1.0 0.83 0.163823
156666 1.0 0.83 0.164155
120899 1.0 0.83 0.165943
123651 1.0 0.83 0.168968
115818 1.0 0.82 0.173255
121406 1.0 0.82 0.173603
197227 1.0 0.82 0.177081
143626 1.0 0.82 0.177663
141468 1.0 0.81 0.180097
133515 1.0 0.81 0.181136
152284 1.0 0.81 0.181604
182911 1.0 0.81 0.18338
154915 1.0 0.81 0.183891
138614 1.0 0.81 0.184742
136899 1.0 0.81 0.184931
126360 1.0 0.81 0.185655
200820 1.0 0.80 0.19002
156764 1.0 0.80 0.19135
138029 1.0 0.80 0.191825
150978 1.0 0.80 0.192921
111143 1.0 0.80 0.193371
203107 1.0 0.80 0.197538
108555 1.0 0.79 0.204846
203295 1.0 0.79 0.206125
197333 1.0 0.79 0.206252
156988 1.0 0.79 0.20637
200342 1.0 0.79 0.206596
193209 1.0 0.79 0.208034
130015 1.0 0.78 0.210261
141030 1.0 0.78 0.210603
137768 1.0 0.78 0.210987
129844 1.0 0.78 0.213935
109619 1.0 0.78 0.213956
132657 1.0 0.78 0.214013
134087 1.0 0.78 0.215392
108479 1.0 0.78 0.215887
178101 1.0 0.78 0.219913
169619 1.0 0.77 0.223781
168573 1.0 0.77 0.228237
117249 1.0 0.77 0.229107
170222 1.0 0.77 0.229159
139483 1.0 0.76 0.2302
196577 1.0 0.76 0.23132
172075 1.0 0.76 0.231344
197273 1.0 0.76 0.232488
138016 1.0 0.76 0.232493
145904 1.0 0.76 0.232713
197556 1.0 0.76 0.233006
155720 1.0 0.76 0.234466
127223 1.0 0.76 0.234479
116816 1.0 0.76 0.236141
198670 1.0 0.76 0.236524
200995 1.0 0.76 0.236763
150550 1.0 0.76 0.237438
92508 1.0 0.76 0.238465
199479 1.0 0.75 0.241215
121405 1.0 0.75 0.2421
135954 1.0 0.75 0.242529
106967 1.0 0.75 0.242844
194933 1.0 0.75 0.242882
196963 1.0 0.75 0.242919
139163 1.0 0.75 0.244684
197972 1.0 0.75 0.244737
129832 1.0 0.75 0.249192
110556 1.0 0.75 0.249283
109651 1.0 0.74 0.25017
120785 1.0 0.74 0.255014
137685 1.0 0.74 0.255274
201006 1.0 0.74 0.259394
193548 1.0 0.74 0.259955
191999 1.0 0.73 0.260538
139161 1.0 0.73 0.266584
128233 1.0 0.73 0.266785
200734 1.0 0.73 0.2672
192355 1.0 0.73 0.268662
120677 1.0 0.72 0.271767
119531 1.0 0.72 0.272839
157856 1.0 0.71 0.280389
160631 1.0 0.71 0.281243
167765 1.0 0.71 0.281693
107496 1.0 0.71 0.281742
121583 1.0 0.71 0.282615
194747 1.0 0.71 0.285693
150565 1.0 0.71 0.289123
112478 1.0 0.71 0.289385
126572 1.0 0.71 0.289573
123160 1.0 0.70 0.290074
128254 1.0 0.70 0.290548
144934 1.0 0.70 0.29128
111817 1.0 0.70 0.292157
188783 1.0 0.70 0.294333
120883 1.0 0.70 0.294652
136400 1.0 0.70 0.296452
152294 1.0 0.70 0.29678
121420 1.0 0.70 0.29881
195757 1.0 0.70 0.299283
123242 1.0 0.69 0.300958
114831 1.0 0.69 0.30098
108363 1.0 0.69 0.301614
110363 1.0 0.69 0.302346
123412 1.0 0.69 0.302773
167123 1.0 0.69 0.303237
115537 1.0 0.69 0.30402
144832 1.0 0.69 0.304124
121491 1.0 0.69 0.305708
126364 1.0 0.69 0.306605
141170 1.0 0.69 0.307779
145549 1.0 0.69 0.308219
110907 1.0 0.68 0.315957
129978 1.0 0.68 0.316048
198635 1.0 0.68 0.318234
115539 1.0 0.68 0.31872
154821 1.0 0.67 0.320198
191817 1.0 0.67 0.32036
100979 1.0 0.67 0.321672
147056 1.0 0.67 0.324291
202997 1.0 0.67 0.327557
119295 1.0 0.66 0.330321
146751 1.0 0.66 0.337417
192309 1.0 0.66 0.33899
124097 1.0 0.65 0.340238
118387 1.0 0.65 0.340303
122968 1.0 0.65 0.341843
197516 1.0 0.65 0.345492
121431 1.0 0.65 0.34742
123922 1.0 0.65 0.349868
169237 1.0 0.64 0.351028
201559 1.0 0.64 0.351824
160041 1.0 0.64 0.352508
138951 1.0 0.64 0.353083
192387 1.0 0.64 0.35445
155965 1.0 0.64 0.356702
125577 1.0 0.64 0.356985
195741 1.0 0.64 0.357256
151109 1.0 0.63 0.360422
187060 1.0 0.63 0.360797
194574 1.0 0.63 0.36224
194848 1.0 0.63 0.362478
199638 1.0 0.62 0.372568
147787 1.0 0.62 0.372601
127820 1.0 0.62 0.375266
148794 1.0 0.62 0.375397
117159 1.0 0.62 0.377415
121519 1.0 0.62 0.377816
195736 1.0 0.62 0.379302
144972 1.0 0.61 0.38039
188964 1.0 0.61 0.384035
198480 1.0 0.61 0.386832
195067 1.0 0.61 0.387188
181645 1.0 0.60 0.392916
167159 1.0 0.60 0.39386
121429 1.0 0.60 0.396125
104069 1.0 0.60 0.396555
141361 1.0 0.59 0.400786
142577 1.0 0.59 0.402157
174080 1.0 0.59 0.402912
177471 1.0 0.59 0.404449
134544 1.0 0.59 0.404832
191224 1.0 0.59 0.406095
169203 1.0 0.59 0.408932
136700 1.0 0.58 0.410662
118602 1.0 0.58 0.414622
183511 1.0 0.58 0.414756
182865 1.0 0.58 0.415395
127736 1.0 0.58 0.418205
194735 1.0 0.57 0.420378
140452 1.0 0.57 0.42098
120437 1.0 0.57 0.421666
129836 1.0 0.57 0.422319
195479 1.0 0.57 0.424234
114832 1.0 0.57 0.425376
197517 1.0 0.57 0.427805
199210 1.0 0.57 0.428565
120685 1.0 0.56 0.430193
132745 1.0 0.56 0.43208
191090 1.0 0.56 0.432721
122864 1.0 0.56 0.433179
148157 1.0 0.56 0.435129
150722 1.0 0.55 0.440431
167561 1.0 0.55 0.443171
126816 1.0 0.55 0.449945
187781 1.0 0.54 0.458789
120726 1.0 0.53 0.461223
190714 1.0 0.53 0.462332
197280 1.0 0.53 0.462989
189126 1.0 0.53 0.466325
132777 1.0 0.53 0.467692
112564 1.0 0.53 0.46823
71411 1.0 0.53 0.469033
138410 1.0 0.52 0.470092
199751 1.0 0.52 0.473178
195118 1.0 0.52 0.474427
104228 1.0 0.52 0.479329
190979 1.0 0.51 0.481082
121373 1.0 0.51 0.481541
142844 1.0 0.51 0.482384
153652 1.0 0.51 0.486029
132104 1.0 0.51 0.489761
150881 1.0 0.50 0.490381
194820 1.0 0.50 0.492256
202996 1.0 0.50 0.493944
200825 1.0 0.50 0.494849
167121 1.0 0.49 0.500405
198288 1.0 0.49 0.506253
199333 1.0 0.49 0.507198
151354 1.0 0.49 0.509242
199799 1.0 0.49 0.509585
189277 1.0 0.48 0.510668
194533 1.0 0.48 0.51415
121553 1.0 0.48 0.517922
196323 1.0 0.47 0.520722
198673 1.0 0.47 0.522491
125545 1.0 0.47 0.522634
199911 1.0 0.47 0.523485
157269 1.0 0.47 0.523922
195185 1.0 0.47 0.526343
188309 1.0 0.47 0.527448
108777 1.0 0.46 0.530795
127196 1.0 0.46 0.535019
170363 1.0 0.45 0.54136
199742 1.0 0.45 0.544813
196128 1.0 0.45 0.545284
196663 1.0 0.45 0.547637
150532 1.0 0.45 0.549246
199124 1.0 0.44 0.555335
132109 1.0 0.44 0.558058
201323 1.0 0.44 0.559656
116490 1.0 0.43 0.561101
199504 1.0 0.43 0.562373
192148 1.0 0.43 0.565137
194929 1.0 0.43 0.567113
194749 1.0 0.43 0.568215
193067 1.0 0.43 0.568813
125347 1.0 0.42 0.571716
198334 1.0 0.42 0.571988
157713 1.0 0.42 0.575233
190713 1.0 0.42 0.576618
182721 1.0 0.42 0.579629
125551 1.0 0.41 0.586305
194807 1.0 0.41 0.587317
197325 1.0 0.41 0.588599
156583 1.0 0.41 0.589109
187502 1.0 0.40 0.590528
120702 1.0 0.40 0.591249
186314 1.0 0.40 0.592344
157244 1.0 0.39 0.603148
196829 1.0 0.39 0.607297
198550 1.0 0.38 0.611587
201348 1.0 0.38 0.613947
131230 1.0 0.38 0.617089
185173 1.0 0.37 0.62705
183810 1.0 0.37 0.628447
126738 1.0 0.37 0.62932
151998 1.0 0.37 0.629804
199149 1.0 0.36 0.630025
189787 1.0 0.36 0.633002
143117 1.0 0.36 0.633805
120521 1.0 0.36 0.634879
111812 1.0 0.36 0.637486
191912 1.0 0.35 0.643805
202025 1.0 0.35 0.645617
194141 1.0 0.35 0.645694
119371 1.0 0.35 0.646015
191346 1.0 0.35 0.647448
193085 1.0 0.35 0.648397
157178 1.0 0.35 0.649884
148752 1.0 0.34 0.654214
201027 1.0 0.34 0.655854
97375 1.0 0.34 0.657121
137217 1.0 0.34 0.657431
196107 1.0 0.34 0.659124
122895 1.0 0.34 0.659261
195096 1.0 0.32 0.676547
158710 1.0 0.32 0.6784
132552 1.0 0.32 0.679031
139687 1.0 0.32 0.679143
192090 1.0 0.31 0.682759
170037 1.0 0.31 0.682785
117274 1.0 0.31 0.684398
193664 1.0 0.31 0.687837
191387 1.0 0.30 0.690989
169673 1.0 0.30 0.696107
201275 1.0 0.30 0.698308
143325 1.0 0.30 0.69937
177255 1.0 0.28 0.71143
150080 1.0 0.28 0.712503
145907 1.0 0.28 0.714781
137832 1.0 0.28 0.71695
121789 1.0 0.26 0.730635
143071 1.0 0.26 0.733529
189791 1.0 0.26 0.737777
188455 1.0 0.25 0.742469
179146 1.0 0.25 0.743597
188796 1.0 0.24 0.75347
195098 1.0 0.24 0.75923
167062 1.0 0.23 0.764334
194751 1.0 0.21 0.780674
104124 1.0 0.21 0.781812
188488 1.0 0.20 0.793427
192062 1.0 0.19 0.803139
198165 1.0 0.19 0.809089
150994 1.0 0.18 0.813967
149981 1.0 0.18 0.817667
193301 1.0 0.18 0.817986
152758 1.0 0.17 0.823508
196083 1.0 0.16 0.832062
187007 1.0 0.16 0.833964
165257 1.0 0.16 0.8344
138788 1.0 0.15 0.84194
150797 1.0 0.15 0.842841
201411 1.0 0.15 0.843443
143333 1.0 0.15 0.845532
195131 1.0 0.14 0.857776
174071 1.0 0.14 0.858503
195135 1.0 0.13 0.860556
125536 1.0 0.13 0.865645
198531 1.0 0.12 0.872191
142980 1.0 0.12 0.872362
194770 1.0 0.12 0.874576
149501 1.0 0.12 0.875513
139919 1.0 0.12 0.877883
199265 1.0 0.12 0.87863
186404 1.0 0.11 0.881317
169208 1.0 0.11 0.881975
163100 1.0 0.11 0.883924
149836 1.0 0.09 0.9084628
192473 1.0 0.08 0.9144073
198259 1.0 0.08 0.9169803
149837 1.0 0.07 0.9233911
174340 1.0 0.07 0.9250228
131310 1.0 0.06 0.9335467
171877 1.0 0.06 0.9345758
189916 1.0 0.00 0.99733836
