189916 1.0 0.00 0.99733836
144206 0.0 0.96 0.964296
110199 0.0 0.95 0.959385
147072 0.0 0.93 0.938772
155718 0.0 0.93 0.937544
156445 0.0 0.93 0.935281
171877 1.0 0.06 0.9345758
131310 1.0 0.06 0.9335467
174340 1.0 0.07 0.9250228
105663 0.0 0.92 0.920346
148717 0.0 0.91 0.919792
198259 1.0 0.08 0.9169803
192473 1.0 0.08 0.9144073
197504 0.0 0.91 0.913078
149836 1.0 0.09 0.9084628
196017 0.0 0.90 0.904223
155596 0.0 0.89 0.893234
168214 0.0 0.89 0.891709
93044 0.0 0.88 0.889588
169417 0.0 0.88 0.88845
157972 0.0 0.88 0.887259
123940 0.0 0.88 0.885912
169208 1.0 0.11 0.881975
186404 1.0 0.11 0.881317
199265 1.0 0.12 0.87863
149501 1.0 0.12 0.875513
194770 1.0 0.12 0.874576
156546 0.0 0.87 0.874531
142980 1.0 0.12 0.872362
198531 1.0 0.12 0.872191
120870 0.0 0.86 0.869706
128145 0.0 0.86 0.869245
108726 0.0 0.86 0.868837
142766 0.0 0.86 0.868502
96520 0.0 0.86 0.867887
125536 1.0 0.13 0.865645
122990 0.0 0.86 0.86241
152389 0.0 0.86 0.86185
123475 0.0 0.86 0.860691
195135 1.0 0.13 0.860556
113351 0.0 0.85 0.858936
183152 0.0 0.85 0.85884
174071 1.0 0.14 0.858503
134437 0.0 0.85 0.857406
138433 0.0 0.85 0.855074
144287 0.0 0.85 0.85337
200549 0.0 0.85 0.851289
143333 1.0 0.15 0.845532
153596 0.0 0.84 0.843644
150797 1.0 0.15 0.842841
187291 0.0 0.84 0.842794
138788 1.0 0.15 0.84194
189906 0.0 0.84 0.841331
200527 0.0 0.84 0.840968
201153 0.0 0.83 0.837766
107514 0.0 0.83 0.835779
196599 0.0 0.83 0.835603
165257 1.0 0.16 0.8344
187007 1.0 0.16 0.833964
118042 0.0 0.83 0.833412
96944 0.0 0.82 0.826664
195538 0.0 0.82 0.825292
173755 0.0 0.82 0.825094
166733 0.0 0.82 0.824167
152758 1.0 0.17 0.823508
156581 0.0 0.82 0.82116
129673 0.0 0.82 0.820556
203502 0.0 0.81 0.819305
139176 0.0 0.81 0.819105
193301 1.0 0.18 0.817986
149981 1.0 0.18 0.817667
166347 0.0 0.81 0.815313
150994 1.0 0.18 0.813967
117129 0.0 0.81 0.813024
198165 1.0 0.19 0.809089
169739 0.0 0.80 0.805914
122190 0.0 0.80 0.803565
192062 1.0 0.19 0.803139
153748 0.0 0.80 0.802293
108368 0.0 0.80 0.801945
193452 0.0 0.79 0.799902
184092 0.0 0.79 0.7978
123049 0.0 0.79 0.797707
152991 0.0 0.79 0.79555
173349 0.0 0.79 0.793819
200557 0.0 0.79 0.79361
188488 1.0 0.20 0.793427
153390 0.0 0.79 0.792271
122154 0.0 0.79 0.790609
191058 0.0 0.79 0.790135
193469 0.0 0.78 0.788969
192458 0.0 0.78 0.788323
123823 0.0 0.78 0.785905
115533 0.0 0.78 0.784055
123162 0.0 0.78 0.783182
125387 0.0 0.78 0.782692
129739 0.0 0.78 0.781437
128124 0.0 0.78 0.781127
188081 0.0 0.78 0.780688
120909 0.0 0.77 0.777053
198906 0.0 0.77 0.776841
124034 0.0 0.77 0.77565
126824 0.0 0.77 0.77523
134796 0.0 0.77 0.774905
141672 0.0 0.77 0.774806
148441 0.0 0.77 0.774655
183186 0.0 0.77 0.774091
121210 0.0 0.77 0.773453
194576 0.0 0.77 0.772906
115551 0.0 0.77 0.772752
156753 0.0 0.77 0.772556
129953 0.0 0.77 0.77238
95787 0.0 0.77 0.771887
159279 0.0 0.77 0.771488
130693 0.0 0.77 0.770904
191361 0.0 0.77 0.770728
144049 0.0 0.77 0.770703
96715 0.0 0.77 0.770123
121016 0.0 0.76 0.769531
144182 0.0 0.76 0.76793
120738 0.0 0.76 0.767124
169303 0.0 0.76 0.766505
167062 1.0 0.23 0.764334
141851 0.0 0.76 0.764088
104927 0.0 0.76 0.763666
119865 0.0 0.76 0.762613
187176 0.0 0.76 0.762523
190778 0.0 0.76 0.761298
195098 1.0 0.24 0.75923
117028 0.0 0.75 0.758754
95784 0.0 0.75 0.758363
194685 0.0 0.75 0.758087
198590 0.0 0.75 0.75763
144698 0.0 0.75 0.75663
158200 0.0 0.75 0.755444
132852 0.0 0.75 0.7538
186317 0.0 0.75 0.753608
151329 0.0 0.75 0.751904
160750 0.0 0.75 0.750784
185985 0.0 0.75 0.750455
137342 0.0 0.74 0.749719
201981 0.0 0.74 0.74966
120817 0.0 0.74 0.7496
118644 0.0 0.74 0.745409
158955 0.0 0.74 0.745221
177209 0.0 0.74 0.745191
198540 0.0 0.74 0.744719
150716 0.0 0.74 0.743974
179146 1.0 0.25 0.743597
179127 0.0 0.74 0.742611
188455 1.0 0.25 0.742469
198947 0.0 0.74 0.741722
144706 0.0 0.74 0.741107
184023 0.0 0.74 0.740432
196958 0.0 0.74 0.740304
126266 0.0 0.73 0.739679
193471 0.0 0.73 0.738939
189791 1.0 0.26 0.737777
179139 0.0 0.73 0.737068
199599 0.0 0.73 0.736194
121492 0.0 0.73 0.734359
177214 0.0 0.73 0.734079
139302 0.0 0.73 0.733664
135254 0.0 0.73 0.732563
199465 0.0 0.73 0.731019
121789 1.0 0.26 0.730635
162647 0.0 0.73 0.730241
152326 0.0 0.72 0.728869
131290 0.0 0.72 0.728839
196628 0.0 0.72 0.725816
156280 0.0 0.72 0.724344
188928 0.0 0.72 0.724156
166336 0.0 0.72 0.723854
198100 0.0 0.72 0.723851
179679 0.0 0.72 0.723431
149010 0.0 0.72 0.723093
137599 0.0 0.72 0.7224
150795 0.0 0.71 0.719567
95791 0.0 0.71 0.719255
167430 0.0 0.71 0.719091
137832 1.0 0.28 0.71695
125338 0.0 0.71 0.716395
108856 0.0 0.71 0.716341
158731 0.0 0.71 0.716198
121388 0.0 0.71 0.715683
134745 0.0 0.71 0.715394
145907 1.0 0.28 0.714781
150781 0.0 0.71 0.713953
131997 0.0 0.71 0.713655
150080 1.0 0.28 0.712503
177255 1.0 0.28 0.71143
185152 0.0 0.71 0.71107
201073 0.0 0.70 0.708916
198977 0.0 0.70 0.708726
158005 0.0 0.70 0.70862
156685 0.0 0.70 0.707762
141062 0.0 0.70 0.706702
129956 0.0 0.70 0.706646
169642 0.0 0.70 0.706313
198685 0.0 0.70 0.705351
129691 0.0 0.70 0.705311
121063 0.0 0.70 0.703708
141151 0.0 0.70 0.703143
154117 0.0 0.70 0.702466
121893 0.0 0.70 0.702361
193409 0.0 0.70 0.701309
143325 1.0 0.30 0.69937
126687 0.0 0.69 0.699339
201275 1.0 0.30 0.698308
135341 0.0 0.69 0.698098
191292 0.0 0.69 0.696689
169673 1.0 0.30 0.696107
143936 0.0 0.69 0.696099
167200 0.0 0.69 0.695502
159673 0.0 0.69 0.694034
181442 0.0 0.69 0.694029
161500 0.0 0.69 0.692614
115863 0.0 0.69 0.692219
123102 0.0 0.69 0.692182
188802 0.0 0.69 0.691826
191387 1.0 0.30 0.690989
133514 0.0 0.69 0.690811
196864 0.0 0.69 0.69018
193397 0.0 0.68 0.68825
121581 0.0 0.68 0.687981
193664 1.0 0.31 0.687837
117987 0.0 0.68 0.686834
166068 0.0 0.68 0.685495
164888 0.0 0.68 0.684789
117274 1.0 0.31 0.684398
147498 0.0 0.68 0.684248
137094 0.0 0.68 0.683485
179926 0.0 0.68 0.682929
192090 1.0 0.31 0.682759
170020 0.0 0.68 0.681394
201535 0.0 0.68 0.68122
187969 0.0 0.68 0.681198
139687 1.0 0.32 0.679143
132552 1.0 0.32 0.679031
138964 0.0 0.67 0.678883
203224 0.0 0.67 0.678512
158710 1.0 0.32 0.6784
203223 0.0 0.67 0.678178
141974 0.0 0.67 0.677862
115989 0.0 0.67 0.677659
126357 0.0 0.67 0.677595
148016 0.0 0.67 0.677198
127378 0.0 0.67 0.67641
203449 0.0 0.67 0.674576
195794 0.0 0.67 0.674277
158432 0.0 0.67 0.673747
156024 0.0 0.67 0.673289
199130 0.0 0.67 0.672856
158235 0.0 0.67 0.671526
144230 0.0 0.67 0.671304
201435 0.0 0.67 0.671168
182999 0.0 0.67 0.670935
118158 0.0 0.66 0.669802
195245 0.0 0.66 0.668253
120896 0.0 0.66 0.667984
126362 0.0 0.66 0.666798
177762 0.0 0.66 0.666686
136468 0.0 0.66 0.666669
152318 0.0 0.66 0.666553
158903 0.0 0.66 0.665845
148023 0.0 0.66 0.665744
174879 0.0 0.66 0.665512
197610 0.0 0.66 0.665289
124431 0.0 0.66 0.664257
200434 0.0 0.66 0.663169
187198 0.0 0.66 0.663053
177314 0.0 0.66 0.662692
112513 0.0 0.66 0.662668
129023 0.0 0.66 0.66264
200804 0.0 0.66 0.662349
200397 0.0 0.66 0.661692
203359 0.0 0.66 0.660482
122895 1.0 0.34 0.659261
196107 1.0 0.34 0.659124
196998 0.0 0.65 0.658434
201803 0.0 0.65 0.657959
137217 1.0 0.34 0.657431
196891 0.0 0.65 0.656003
202970 0.0 0.65 0.654967
194672 0.0 0.65 0.654391
148752 1.0 0.34 0.654214
127443 0.0 0.65 0.654201
112895 0.0 0.65 0.654016
129075 0.0 0.65 0.6537
116703 0.0 0.65 0.653555
67037 0.0 0.65 0.652865
122732 0.0 0.65 0.652402
156108 0.0 0.65 0.651569
145026 0.0 0.65 0.651377
130326 0.0 0.65 0.6511
157011 0.0 0.65 0.650664
157178 1.0 0.35 0.649884
181521 0.0 0.64 0.648537
120865 0.0 0.64 0.648433
121514 0.0 0.64 0.64763
191346 1.0 0.35 0.647448
174877 0.0 0.64 0.647295
189487 0.0 0.64 0.646971
145249 0.0 0.64 0.646393
123349 0.0 0.64 0.646359
129647 0.0 0.64 0.646308
123618 0.0 0.64 0.646074
119371 1.0 0.35 0.646015
164365 0.0 0.64 0.645864
196490 0.0 0.64 0.645728
202025 1.0 0.35 0.645617
117491 0.0 0.64 0.645053
195175 0.0 0.64 0.644994
129238 0.0 0.64 0.644255
191912 1.0 0.35 0.643805
123779 0.0 0.64 0.643338
162913 0.0 0.64 0.643008
158374 0.0 0.64 0.642873
182557 0.0 0.64 0.642721
157042 0.0 0.64 0.642421
129868 0.0 0.64 0.640974
136335 0.0 0.64 0.640919
189558 0.0 0.64 0.640432
156504 0.0 0.64 0.640317
144041 0.0 0.63 0.639744
122193 0.0 0.63 0.637216
197961 0.0 0.63 0.636324
155491 0.0 0.63 0.636279
120521 1.0 0.36 0.634879
150024 0.0 0.63 0.634552
122733 0.0 0.63 0.633571
165350 0.0 0.63 0.633446
189787 1.0 0.36 0.633002
178711 0.0 0.63 0.632152
180730 0.0 0.63 0.630808
199149 1.0 0.36 0.630025
151998 1.0 0.37 0.629804
194988 0.0 0.62 0.629655
195238 0.0 0.62 0.629644
126738 1.0 0.37 0.62932
120929 0.0 0.62 0.628995
160109 0.0 0.62 0.628949
169344 0.0 0.62 0.628845
183810 1.0 0.37 0.628447
148528 0.0 0.62 0.628192
150032 0.0 0.62 0.628155
115467 0.0 0.62 0.627445
138420 0.0 0.62 0.627437
185173 1.0 0.37 0.62705
183229 0.0 0.62 0.625288
186496 0.0 0.62 0.62351
170984 0.0 0.62 0.623086
111807 0.0 0.62 0.621356
128955 0.0 0.62 0.620589
157121 0.0 0.62 0.620354
96652 0.0 0.62 0.620347
185524 0.0 0.61 0.619296
129590 0.0 0.61 0.618976
137648 0.0 0.61 0.618675
178509 0.0 0.61 0.618012
131230 1.0 0.38 0.617089
196431 0.0 0.61 0.616874
120449 0.0 0.61 0.616743
156793 0.0 0.61 0.616026
199699 0.0 0.61 0.615822
149703 0.0 0.61 0.615533
178555 0.0 0.61 0.615385
163629 0.0 0.61 0.614286
191492 0.0 0.61 0.614147
112944 0.0 0.61 0.612412
203455 0.0 0.61 0.611931
198550 1.0 0.38 0.611587
186383 0.0 0.61 0.610552
200874 0.0 0.61 0.610091
172033 0.0 0.60 0.608585
199593 0.0 0.60 0.60787
196829 1.0 0.39 0.607297
186879 0.0 0.60 0.607046
200258 0.0 0.60 0.606166
106114 0.0 0.60 0.606054
165675 0.0 0.60 0.605148
158918 0.0 0.60 0.605145
158580 0.0 0.60 0.604831
198651 0.0 0.60 0.604354
148957 0.0 0.60 0.603216
157244 1.0 0.39 0.603148
140890 0.0 0.60 0.602963
139819 0.0 0.60 0.602295
202202 0.0 0.60 0.601272
121453 0.0 0.60 0.601151
157422 0.0 0.59 0.597851
121382 0.0 0.59 0.597848
142413 0.0 0.59 0.597784
193231 0.0 0.59 0.597541
184789 0.0 0.59 0.597504
113600 0.0 0.59 0.596622
117080 0.0 0.59 0.595676
140938 0.0 0.59 0.595375
189138 0.0 0.59 0.594135
126849 0.0 0.59 0.593938
186314 1.0 0.40 0.592344
142210 0.0 0.59 0.592085
130778 0.0 0.59 0.591998
180209 0.0 0.59 0.5918
147939 0.0 0.59 0.591694
120702 1.0 0.40 0.591249
132072 0.0 0.59 0.590762
187502 1.0 0.40 0.590528
202830 0.0 0.58 0.589862
126539 0.0 0.58 0.589805
156583 1.0 0.41 0.589109
188086 0.0 0.58 0.589104
197325 1.0 0.41 0.588599
203149 0.0 0.58 0.587427
194807 1.0 0.41 0.587317
191857 0.0 0.58 0.587132
194262 0.0 0.58 0.587125
147447 0.0 0.58 0.586604
191959 0.0 0.58 0.586344
185830 0.0 0.58 0.586339
125551 1.0 0.41 0.586305
191094 0.0 0.58 0.586104
181383 0.0 0.58 0.585597
177472 0.0 0.58 0.58558
200865 0.0 0.58 0.585094
156344 0.0 0.58 0.584619
162542 0.0 0.58 0.581251
175449 0.0 0.57 0.578769
171335 0.0 0.57 0.578505
169023 0.0 0.57 0.578488
163965 0.0 0.57 0.578382
128340 0.0 0.57 0.578353
181975 0.0 0.57 0.578101
196870 0.0 0.57 0.577408
117485 0.0 0.57 0.576657
190713 1.0 0.42 0.576618
100978 0.0 0.57 0.576563
140241 0.0 0.57 0.576458
201361 0.0 0.57 0.576242
148132 0.0 0.57 0.576196
105594 0.0 0.57 0.57608
157713 1.0 0.42 0.575233
182974 0.0 0.57 0.574462
144672 0.0 0.57 0.574246
138210 0.0 0.57 0.573378
141834 0.0 0.57 0.573339
121056 0.0 0.57 0.573197
158010 0.0 0.57 0.572129
125347 1.0 0.42 0.571716
135129 0.0 0.57 0.570843
118929 0.0 0.56 0.569711
180962 0.0 0.56 0.569426
167360 0.0 0.56 0.569255
161801 0.0 0.56 0.569246
172036 0.0 0.56 0.568875
193067 1.0 0.43 0.568813
202531 0.0 0.56 0.568789
141481 0.0 0.56 0.568238
194749 1.0 0.43 0.568215
194919 0.0 0.56 0.567993
194929 1.0 0.43 0.567113
192499 0.0 0.56 0.566882
118738 0.0 0.56 0.566538
149648 0.0 0.56 0.56647
165382 0.0 0.56 0.566226
145615 0.0 0.56 0.565344
192148 1.0 0.43 0.565137
164861 0.0 0.56 0.564886
144107 0.0 0.56 0.56476
191368 0.0 0.56 0.564675
191796 0.0 0.56 0.564489
190748 0.0 0.56 0.56441
151203 0.0 0.56 0.564287
198625 0.0 0.56 0.564234
199139 0.0 0.56 0.563994
157768 0.0 0.56 0.562967
152088 0.0 0.56 0.562917
199504 1.0 0.43 0.562373
156869 0.0 0.56 0.56219
200863 0.0 0.56 0.561664
116490 1.0 0.43 0.561101
133023 0.0 0.56 0.560418
179034 0.0 0.56 0.560093
138037 0.0 0.55 0.559873
199586 0.0 0.55 0.559816
128964 0.0 0.55 0.559734
173624 0.0 0.55 0.559664
201323 1.0 0.44 0.559656
196238 0.0 0.55 0.559235
186653 0.0 0.55 0.558568
132109 1.0 0.44 0.558058
190912 0.0 0.55 0.558022
119292 0.0 0.55 0.558019
153325 0.0 0.55 0.557837
178231 0.0 0.55 0.557712
143271 0.0 0.55 0.557258
165945 0.0 0.55 0.557012
179655 0.0 0.55 0.556999
127244 0.0 0.55 0.556856
151873 0.0 0.55 0.556822
166784 0.0 0.55 0.556125
203155 0.0 0.55 0.555892
199781 0.0 0.55 0.555488
143561 0.0 0.55 0.555206
126035 0.0 0.55 0.554658
180243 0.0 0.55 0.554358
199519 0.0 0.55 0.553276
121187 0.0 0.55 0.552893
188394 0.0 0.55 0.552834
153182 0.0 0.55 0.552249
187429 0.0 0.55 0.551885
179689 0.0 0.55 0.551756
153788 0.0 0.55 0.551575
165569 0.0 0.55 0.550672
139168 0.0 0.54 0.549965
150532 1.0 0.45 0.549246
199097 0.0 0.54 0.549095
169232 0.0 0.54 0.54896
199138 0.0 0.54 0.548744
182416 0.0 0.54 0.548724
201291 0.0 0.54 0.548716
118558 0.0 0.54 0.547708
196663 1.0 0.45 0.547637
123282 0.0 0.54 0.54748
144488 0.0 0.54 0.547349
177366 0.0 0.54 0.547181
141577 0.0 0.54 0.546847
190035 0.0 0.54 0.546414
129735 0.0 0.54 0.54625
67195 0.0 0.54 0.546144
196128 1.0 0.45 0.545284
199742 1.0 0.45 0.544813
194565 0.0 0.54 0.543864
149824 0.0 0.54 0.543438
125584 0.0 0.54 0.542629
203193 0.0 0.54 0.542612
174417 0.0 0.54 0.542598
146179 0.0 0.54 0.542189
151819 0.0 0.54 0.542039
173226 0.0 0.54 0.542008
170363 1.0 0.45 0.54136
123117 0.0 0.54 0.540104
159975 0.0 0.53 0.538782
142889 0.0 0.53 0.538083
184462 0.0 0.53 0.537594
155606 0.0 0.53 0.537503
153036 0.0 0.53 0.537077
199619 0.0 0.53 0.536554
130301 0.0 0.53 0.536399
130255 0.0 0.53 0.53633
184779 0.0 0.53 0.535062
127196 1.0 0.46 0.535019
144517 0.0 0.53 0.534568
148533 0.0 0.53 0.534396
195841 0.0 0.53 0.532837
156521 0.0 0.53 0.532199
152517 0.0 0.53 0.532031
186889 0.0 0.53 0.531976
131948 0.0 0.53 0.531956
157748 0.0 0.53 0.531426
189528 0.0 0.53 0.531373
201406 0.0 0.53 0.531367
161508 0.0 0.53 0.531128
108777 1.0 0.46 0.530795
189189 0.0 0.53 0.530181
136033 0.0 0.52 0.529078
158721 0.0 0.52 0.52817
118617 0.0 0.52 0.528094
135993 0.0 0.52 0.527732
184531 0.0 0.52 0.527572
188309 1.0 0.47 0.527448
191561 0.0 0.52 0.527416
202698 0.0 0.52 0.527294
195185 1.0 0.47 0.526343
134653 0.0 0.52 0.526138
150131 0.0 0.52 0.526114
200041 0.0 0.52 0.525812
201462 0.0 0.52 0.524821
120945 0.0 0.52 0.524227
198176 0.0 0.52 0.524153
195929 0.0 0.52 0.52393
157269 1.0 0.47 0.523922
200946 0.0 0.52 0.523541
199911 1.0 0.47 0.523485
142119 0.0 0.52 0.523173
179722 0.0 0.52 0.523095
142639 0.0 0.52 0.523009
162570 0.0 0.52 0.522722
125545 1.0 0.47 0.522634
198673 1.0 0.47 0.522491
193760 0.0 0.52 0.5219
199420 0.0 0.52 0.521652
154145 0.0 0.52 0.52145
157806 0.0 0.52 0.521288
163742 0.0 0.52 0.521178
117942 0.0 0.52 0.520942
196323 1.0 0.47 0.520722
180199 0.0 0.52 0.520474
203139 0.0 0.52 0.520312
167165 0.0 0.51 0.519027
202672 0.0 0.51 0.51895
143574 0.0 0.51 0.518787
173472 0.0 0.51 0.518711
175083 0.0 0.51 0.518545
118147 0.0 0.51 0.518508
136575 0.0 0.51 0.518424
156640 0.0 0.51 0.518335
121553 1.0 0.48 0.517922
188351 0.0 0.51 0.517667
171162 0.0 0.51 0.517238
103949 0.0 0.51 0.516226
123543 0.0 0.51 0.515899
151166 0.0 0.51 0.51519
192102 0.0 0.51 0.515039
194533 1.0 0.48 0.51415
140649 0.0 0.51 0.513946
191564 0.0 0.51 0.513674
139784 0.0 0.51 0.512464
134840 0.0 0.51 0.512134
164528 0.0 0.51 0.512112
171821 0.0 0.51 0.511719
128180 0.0 0.51 0.5114
187819 0.0 0.51 0.511048
189277 1.0 0.48 0.510668
199799 1.0 0.49 0.509585
151354 1.0 0.49 0.509242
190401 0.0 0.50 0.50817
160709 0.0 0.50 0.507187
129519 0.0 0.50 0.507178
178210 0.0 0.50 0.507078
149422 0.0 0.50 0.507063
166094 0.0 0.50 0.50698
203408 0.0 0.50 0.50681
189034 0.0 0.50 0.506377
189778 0.0 0.50 0.505942
151193 0.0 0.50 0.505764
132049 0.0 0.50 0.505393
202577 0.0 0.50 0.504531
157339 0.0 0.50 0.503717
126636 0.0 0.50 0.503401
188943 0.0 0.50 0.502562
155687 0.0 0.50 0.502492
118161 0.0 0.50 0.502458
195522 0.0 0.50 0.501579
157720 0.0 0.50 0.501563
151872 0.0 0.50 0.501082
122152 0.0 0.50 0.500888
167121 1.0 0.49 0.500405
182282 0.0 0.50 0.500009
177363 0.0 0.49 0.499478
196728 0.0 0.49 0.49947
163977 0.0 0.49 0.499195
170380 0.0 0.49 0.498999
123351 0.0 0.49 0.498859
166617 0.0 0.49 0.498491
140207 0.0 0.49 0.498474
152317 0.0 0.49 0.498093
133005 0.0 0.49 0.498007
169078 0.0 0.49 0.49759
199534 0.0 0.49 0.497515
168269 0.0 0.49 0.497457
191996 0.0 0.49 0.497261
195967 0.0 0.49 0.496664
186991 0.0 0.49 0.496208
140612 0.0 0.49 0.496166
200825 1.0 0.50 0.494849
154930 0.0 0.49 0.49482
145749 0.0 0.49 0.494803
125951 0.0 0.49 0.4943
169319 0.0 0.49 0.493956
202996 1.0 0.50 0.493944
115387 0.0 0.49 0.493649
150875 0.0 0.49 0.49332
198895 0.0 0.49 0.492685
194820 1.0 0.50 0.492256
190703 0.0 0.49 0.492039
126897 0.0 0.49 0.49195
150751 0.0 0.49 0.491505
129559 0.0 0.49 0.491336
160077 0.0 0.49 0.49118
159207 0.0 0.49 0.491114
177459 0.0 0.49 0.490741
203292 0.0 0.49 0.490496
150881 1.0 0.50 0.490381
156903 0.0 0.49 0.490312
188207 0.0 0.49 0.490119
131654 0.0 0.48 0.489848
132104 1.0 0.51 0.489761
123366 0.0 0.48 0.489138
186349 0.0 0.48 0.48892
196325 0.0 0.48 0.488362
194924 0.0 0.48 0.487824
157542 0.0 0.48 0.487151
166582 0.0 0.48 0.487086
189378 0.0 0.48 0.486475
153652 1.0 0.51 0.486029
131283 0.0 0.48 0.485737
143810 0.0 0.48 0.485649
135635 0.0 0.48 0.485416
119180 0.0 0.48 0.485313
155820 0.0 0.48 0.485089
184689 0.0 0.48 0.485008
139686 0.0 0.48 0.484891
198419 0.0 0.48 0.484691
133031 0.0 0.48 0.484491
118598 0.0 0.48 0.484151
189814 0.0 0.48 0.484061
177605 0.0 0.48 0.483912
180560 0.0 0.48 0.483899
193021 0.0 0.48 0.483626
186912 0.0 0.48 0.483475
123045 0.0 0.48 0.482912
159522 0.0 0.48 0.482828
200242 0.0 0.48 0.482571
142844 1.0 0.51 0.482384
198224 0.0 0.48 0.482381
190919 0.0 0.48 0.482107
173052 0.0 0.48 0.481832
183899 0.0 0.48 0.481647
121373 1.0 0.51 0.481541
195039 0.0 0.48 0.480901
180915 0.0 0.48 0.480504
173916 0.0 0.48 0.480473
117071 0.0 0.48 0.480133
193613 0.0 0.48 0.480024
190758 0.0 0.48 0.480015
145329 0.0 0.47 0.479891
186862 0.0 0.47 0.479368
104228 1.0 0.52 0.479329
179922 0.0 0.47 0.479304
147892 0.0 0.47 0.479236
187208 0.0 0.47 0.478804
167949 0.0 0.47 0.478094
171354 0.0 0.47 0.474993
159942 0.0 0.47 0.474614
187520 0.0 0.47 0.474596
195118 1.0 0.52 0.474427
169491 0.0 0.47 0.47438
150657 0.0 0.47 0.474306
144486 0.0 0.47 0.47416
189781 0.0 0.47 0.473998
138786 0.0 0.47 0.473898
159362 0.0 0.47 0.473521
199751 1.0 0.52 0.473178
167755 0.0 0.47 0.473046
187262 0.0 0.47 0.471867
188001 0.0 0.47 0.471629
175164 0.0 0.47 0.471551
138410 1.0 0.52 0.470092
182559 0.0 0.47 0.470057
168661 0.0 0.46 0.469963
182954 0.0 0.46 0.469766
199075 0.0 0.46 0.469734
161757 0.0 0.46 0.469505
127684 0.0 0.46 0.469439
189944 0.0 0.46 0.469403
200489 0.0 0.46 0.469266
198124 0.0 0.46 0.469169
71411 1.0 0.53 0.469033
153033 0.0 0.46 0.468984
125696 0.0 0.46 0.468541
156689 0.0 0.46 0.468498
142720 0.0 0.46 0.468327
112564 1.0 0.53 0.46823
133672 0.0 0.46 0.467933
132777 1.0 0.53 0.467692
202591 0.0 0.46 0.467625
184579 0.0 0.46 0.467612
156063 0.0 0.46 0.467009
172063 0.0 0.46 0.466927
127658 0.0 0.46 0.466869
129685 0.0 0.46 0.466809
139883 0.0 0.46 0.4667
189126 1.0 0.53 0.466325
144963 0.0 0.46 0.466134
140087 0.0 0.46 0.464578
149453 0.0 0.46 0.464539
199954 0.0 0.46 0.464423
184399 0.0 0.46 0.464121
159705 0.0 0.46 0.463978
134720 0.0 0.46 0.463975
165505 0.0 0.46 0.463299
190714 1.0 0.53 0.462332
194120 0.0 0.46 0.461886
118164 0.0 0.46 0.461844
187509 0.0 0.46 0.461794
201425 0.0 0.46 0.461629
120726 1.0 0.53 0.461223
152503 0.0 0.46 0.460848
129625 0.0 0.46 0.460394
163348 0.0 0.46 0.46037
123058 0.0 0.46 0.460152
117076 0.0 0.45 0.459623
187781 1.0 0.54 0.458789
140886 0.0 0.45 0.4583
201319 0.0 0.45 0.458259
158755 0.0 0.45 0.45825
184975 0.0 0.45 0.457747
128411 0.0 0.45 0.457181
203285 0.0 0.45 0.457074
195630 0.0 0.45 0.456874
202822 0.0 0.45 0.456591
198386 0.0 0.45 0.456467
194199 0.0 0.45 0.456112
183533 0.0 0.45 0.456035
196740 0.0 0.45 0.455057
159848 0.0 0.45 0.454858
185200 0.0 0.45 0.454805
135560 0.0 0.45 0.454472
130296 0.0 0.45 0.454312
122878 0.0 0.45 0.453977
158993 0.0 0.45 0.453601
151949 0.0 0.45 0.453591
173552 0.0 0.45 0.453581
192470 0.0 0.45 0.453525
122930 0.0 0.45 0.453237
165594 0.0 0.45 0.451924
189634 0.0 0.45 0.451644
158583 0.0 0.45 0.450692
199735 0.0 0.45 0.450468
166824 0.0 0.45 0.450376
126816 1.0 0.55 0.449945
137076 0.0 0.44 0.449637
153277 0.0 0.44 0.448543
146736 0.0 0.44 0.448484
167828 0.0 0.44 0.448308
128400 0.0 0.44 0.448151
144010 0.0 0.44 0.448101
174807 0.0 0.44 0.448067
201802 0.0 0.44 0.447369
183557 0.0 0.44 0.446839
144170 0.0 0.44 0.446554
155402 0.0 0.44 0.446283
140702 0.0 0.44 0.44557
165874 0.0 0.44 0.444953
117079 0.0 0.44 0.444211
179992 0.0 0.44 0.443737
186455 0.0 0.44 0.442001
136905 0.0 0.44 0.441996
194789 0.0 0.44 0.441514
179207 0.0 0.44 0.441457
160396 0.0 0.44 0.441027
111986 0.0 0.44 0.440859
150722 1.0 0.55 0.440431
186478 0.0 0.43 0.439883
200259 0.0 0.43 0.439858
185860 0.0 0.43 0.439407
150107 0.0 0.43 0.43937
182986 0.0 0.43 0.439238
177765 0.0 0.43 0.439219
136900 0.0 0.43 0.439196
193523 0.0 0.43 0.439062
178307 0.0 0.43 0.438312
196610 0.0 0.43 0.438253
150545 0.0 0.43 0.43814
187097 0.0 0.43 0.436245
194365 0.0 0.43 0.43594
198684 0.0 0.43 0.435897
154832 0.0 0.43 0.435684
139224 0.0 0.43 0.435526
148157 1.0 0.56 0.435129
147887 0.0 0.43 0.434758
193584 0.0 0.43 0.434724
184069 0.0 0.43 0.434632
160665 0.0 0.43 0.434241
159808 0.0 0.43 0.433703
148141 0.0 0.43 0.433301
122864 1.0 0.56 0.433179
124399 0.0 0.43 0.432607
132745 1.0 0.56 0.43208
150140 0.0 0.43 0.431978
191965 0.0 0.43 0.431849
126245 0.0 0.43 0.431558
150304 0.0 0.43 0.430698
195346 0.0 0.43 0.430231
120685 1.0 0.56 0.430193
187450 0.0 0.42 0.429256
199210 1.0 0.57 0.428565
121630 0.0 0.42 0.42852
139800 0.0 0.42 0.428344
191188 0.0 0.42 0.428146
118593 0.0 0.42 0.427773
193179 0.0 0.42 0.426926
202719 0.0 0.42 0.426741
181392 0.0 0.42 0.426733
117961 0.0 0.42 0.42666
191096 0.0 0.42 0.426553
198249 0.0 0.42 0.424708
140349 0.0 0.42 0.424505
132177 0.0 0.42 0.424434
198300 0.0 0.42 0.42424
195479 1.0 0.57 0.424234
163754 0.0 0.42 0.424156
173022 0.0 0.42 0.423776
185811 0.0 0.42 0.422666
129836 1.0 0.57 0.422319
142970 0.0 0.42 0.422264
139165 0.0 0.42 0.422189
193250 0.0 0.42 0.421964
186440 0.0 0.42 0.421827
118753 0.0 0.42 0.421734
120437 1.0 0.57 0.421666
167868 0.0 0.42 0.421572
140452 1.0 0.57 0.42098
128944 0.0 0.42 0.420716
184714 0.0 0.42 0.420637
175922 0.0 0.42 0.420567
187009 0.0 0.42 0.42055
144178 0.0 0.42 0.420194
199734 0.0 0.42 0.420069
197065 0.0 0.42 0.420031
183819 0.0 0.41 0.419458
168515 0.0 0.41 0.419354
138160 0.0 0.41 0.419165
181763 0.0 0.41 0.419098
200986 0.0 0.41 0.418803
163355 0.0 0.41 0.418263
127736 1.0 0.58 0.418205
115465 0.0 0.41 0.417578
203159 0.0 0.41 0.417403
179741 0.0 0.41 0.4171
199456 0.0 0.41 0.416833
118591 0.0 0.41 0.416674
121439 0.0 0.41 0.416569
185491 0.0 0.41 0.416298
179052 0.0 0.41 0.41578
182865 1.0 0.58 0.415395
186875 0.0 0.41 0.415162
183511 1.0 0.58 0.414756
118602 1.0 0.58 0.414622
138199 0.0 0.41 0.412846
165911 0.0 0.41 0.412575
156474 0.0 0.41 0.412458
165375 0.0 0.41 0.41207
150277 0.0 0.41 0.411878
189931 0.0 0.41 0.411189
143250 0.0 0.41 0.410811
136700 1.0 0.58 0.410662
134414 0.0 0.41 0.410484
121494 0.0 0.41 0.410431
117069 0.0 0.41 0.410251
159295 0.0 0.41 0.410158
157694 0.0 0.40 0.409771
169203 1.0 0.59 0.408932
154219 0.0 0.40 0.408914
184480 0.0 0.40 0.408642
180689 0.0 0.40 0.408594
165000 0.0 0.40 0.408279
186514 0.0 0.40 0.408274
172242 0.0 0.40 0.408124
189539 0.0 0.40 0.407749
139202 0.0 0.40 0.40735
164127 0.0 0.40 0.407274
160640 0.0 0.40 0.407057
152470 0.0 0.40 0.406819
153561 0.0 0.40 0.406773
169785 0.0 0.40 0.406313
191224 1.0 0.59 0.406095
121000 0.0 0.40 0.405883
199498 0.0 0.40 0.405726
182074 0.0 0.40 0.405701
134544 1.0 0.59 0.404832
177471 1.0 0.59 0.404449
134306 0.0 0.40 0.403902
123617 0.0 0.40 0.403753
125344 0.0 0.40 0.403614
177599 0.0 0.40 0.403598
195887 0.0 0.40 0.403509
203261 0.0 0.40 0.403462
174080 1.0 0.59 0.402912
141842 0.0 0.40 0.402636
131045 0.0 0.40 0.402006
203383 0.0 0.40 0.401573
138893 0.0 0.40 0.401548
141235 0.0 0.40 0.401476
132325 0.0 0.40 0.401471
150216 0.0 0.40 0.401322
195389 0.0 0.40 0.401188
141361 1.0 0.59 0.400786
117133 0.0 0.40 0.400065
186874 0.0 0.39 0.399558
152290 0.0 0.39 0.399206
181142 0.0 0.39 0.399177
173507 0.0 0.39 0.399079
195826 0.0 0.39 0.398945
165627 0.0 0.39 0.398821
161910 0.0 0.39 0.398436
151289 0.0 0.39 0.398097
188290 0.0 0.39 0.398011
169295 0.0 0.39 0.397951
180417 0.0 0.39 0.397818
145944 0.0 0.39 0.397652
183868 0.0 0.39 0.397445
110758 0.0 0.39 0.397222
121425 0.0 0.39 0.396903
168165 0.0 0.39 0.396898
152112 0.0 0.39 0.396449
194303 0.0 0.39 0.396325
186872 0.0 0.39 0.39614
121429 1.0 0.60 0.396125
153478 0.0 0.39 0.396065
123110 0.0 0.39 0.396028
160423 0.0 0.39 0.395635
173524 0.0 0.39 0.394659
181968 0.0 0.39 0.394305
123287 0.0 0.39 0.394184
160106 0.0 0.39 0.394016
182082 0.0 0.39 0.39388
141845 0.0 0.39 0.393829
178158 0.0 0.39 0.393671
182977 0.0 0.39 0.393457
194099 0.0 0.39 0.393387
142778 0.0 0.39 0.393386
163728 0.0 0.39 0.393058
181645 1.0 0.60 0.392916
128294 0.0 0.39 0.392757
195636 0.0 0.39 0.39074
150942 0.0 0.39 0.390195
198578 0.0 0.39 0.390183
140588 0.0 0.39 0.390056
161016 0.0 0.38 0.389996
185982 0.0 0.38 0.389747
172485 0.0 0.38 0.389335
127757 0.0 0.38 0.389287
126598 0.0 0.38 0.389079
154413 0.0 0.38 0.388938
191778 0.0 0.38 0.388452
119861 0.0 0.38 0.388374
194659 0.0 0.38 0.387947
152128 0.0 0.38 0.387938
169213 0.0 0.38 0.387826
117981 0.0 0.38 0.38752
129659 0.0 0.38 0.387469
200180 0.0 0.38 0.38738
195067 1.0 0.61 0.387188
169234 0.0 0.38 0.387048
152152 0.0 0.38 0.386317
168255 0.0 0.38 0.386159
179148 0.0 0.38 0.385988
136892 0.0 0.38 0.385798
129581 0.0 0.38 0.384467
189993 0.0 0.38 0.384305
194289 0.0 0.38 0.384054
188964 1.0 0.61 0.384035
201108 0.0 0.38 0.383744
153630 0.0 0.38 0.383646
117198 0.0 0.38 0.383523
103855 0.0 0.38 0.383054
128232 0.0 0.38 0.382781
151728 0.0 0.38 0.382682
166816 0.0 0.38 0.382606
166917 0.0 0.38 0.382199
148274 0.0 0.38 0.382196
165240 0.0 0.38 0.382117
143699 0.0 0.38 0.381209
125917 0.0 0.38 0.381051
154364 0.0 0.38 0.380998
144040 0.0 0.38 0.380935
178450 0.0 0.38 0.380752
146441 0.0 0.38 0.380602
152865 0.0 0.38 0.380543
144972 1.0 0.61 0.38039
142624 0.0 0.38 0.380254
119719 0.0 0.38 0.380247
135003 0.0 0.38 0.380187
124072 0.0 0.38 0.380062
129805 0.0 0.38 0.380056
126933 0.0 0.37 0.379735
180244 0.0 0.37 0.379482
195736 1.0 0.62 0.379302
196956 0.0 0.37 0.379072
182197 0.0 0.37 0.378515
169986 0.0 0.37 0.37813
121519 1.0 0.62 0.377816
117159 1.0 0.62 0.377415
186619 0.0 0.37 0.377331
123859 0.0 0.37 0.376985
179077 0.0 0.37 0.376654
202523 0.0 0.37 0.3765
197769 0.0 0.37 0.376213
142550 0.0 0.37 0.376175
156566 0.0 0.37 0.375771
198172 0.0 0.37 0.375557
174109 0.0 0.37 0.375515
148794 1.0 0.62 0.375397
127820 1.0 0.62 0.375266
159555 0.0 0.37 0.375124
171223 0.0 0.37 0.374768
184566 0.0 0.37 0.373889
181634 0.0 0.37 0.373204
202724 0.0 0.37 0.372793
147787 1.0 0.62 0.372601
199638 1.0 0.62 0.372568
122818 0.0 0.37 0.371442
188605 0.0 0.37 0.370773
169894 0.0 0.36 0.369838
152811 0.0 0.36 0.369021
124047 0.0 0.36 0.368758
152557 0.0 0.36 0.367925
160394 0.0 0.36 0.367873
118428 0.0 0.36 0.366664
190803 0.0 0.36 0.366201
162686 0.0 0.36 0.365955
189729 0.0 0.36 0.365574
173616 0.0 0.36 0.363672
200877 0.0 0.36 0.363652
160421 0.0 0.36 0.363336
201705 0.0 0.36 0.362904
195681 0.0 0.36 0.362279
170347 0.0 0.36 0.362269
194574 1.0 0.63 0.36224
156500 0.0 0.36 0.362173
196312 0.0 0.36 0.361877
195085 0.0 0.36 0.361858
160823 0.0 0.36 0.361639
142618 0.0 0.36 0.361259
171118 0.0 0.36 0.361133
118863 0.0 0.36 0.361097
187060 1.0 0.63 0.360797
151109 1.0 0.63 0.360422
123031 0.0 0.36 0.360289
127810 0.0 0.36 0.360107
170549 0.0 0.35 0.359169
198868 0.0 0.35 0.358174
195773 0.0 0.35 0.358073
195298 0.0 0.35 0.357776
129246 0.0 0.35 0.35743
180848 0.0 0.35 0.357345
149488 0.0 0.35 0.357195
125577 1.0 0.64 0.356985
118779 0.0 0.35 0.356798
155965 1.0 0.64 0.356702
182163 0.0 0.35 0.356652
179014 0.0 0.35 0.356372
166633 0.0 0.35 0.356237
157187 0.0 0.35 0.356136
121991 0.0 0.35 0.355495
123469 0.0 0.35 0.355447
192387 1.0 0.64 0.35445
194607 0.0 0.35 0.354153
179091 0.0 0.35 0.353212
138951 1.0 0.64 0.353083
195508 0.0 0.35 0.353029
169467 0.0 0.35 0.352958
195726 0.0 0.35 0.352516
160041 1.0 0.64 0.352508
189125 0.0 0.35 0.352144
182799 0.0 0.35 0.351851
201559 1.0 0.64 0.351824
153032 0.0 0.35 0.351662
191873 0.0 0.35 0.351616
150694 0.0 0.35 0.351134
169237 1.0 0.64 0.351028
124352 0.0 0.35 0.350997
156900 0.0 0.35 0.35025
127614 0.0 0.35 0.350249
123922 1.0 0.65 0.349868
161492 0.0 0.34 0.349494
203166 0.0 0.34 0.349095
143898 0.0 0.34 0.348741
150036 0.0 0.34 0.348605
141171 0.0 0.34 0.348519
148578 0.0 0.34 0.348504
142335 0.0 0.34 0.34798
191388 0.0 0.34 0.347809
187565 0.0 0.34 0.347474
97339 0.0 0.34 0.347073
199860 0.0 0.34 0.346927
170782 0.0 0.34 0.34691
130666 0.0 0.34 0.346733
200797 0.0 0.34 0.346243
168308 0.0 0.34 0.345951
201282 0.0 0.34 0.345859
105051 0.0 0.34 0.345634
197516 1.0 0.65 0.345492
153333 0.0 0.34 0.345411
142527 0.0 0.34 0.345243
145244 0.0 0.34 0.344479
126552 0.0 0.34 0.343929
181045 0.0 0.34 0.343627
153503 0.0 0.34 0.343383
149764 0.0 0.34 0.342243
195624 0.0 0.34 0.342206
171163 0.0 0.34 0.34213
151404 0.0 0.34 0.34195
122968 1.0 0.65 0.341843
183058 0.0 0.34 0.341723
120919 0.0 0.34 0.34134
166660 0.0 0.34 0.341279
188888 0.0 0.34 0.341118
142313 0.0 0.34 0.340985
200873 0.0 0.34 0.340725
169325 0.0 0.34 0.34069
116814 0.0 0.34 0.340296
137985 0.0 0.34 0.340082
173614 0.0 0.33 0.339887
152385 0.0 0.33 0.339867
195572 0.0 0.33 0.339738
158842 0.0 0.33 0.339374
192309 1.0 0.66 0.33899
167228 0.0 0.33 0.338693
169773 0.0 0.33 0.33843
126788 0.0 0.33 0.337996
147064 0.0 0.33 0.337487
151777 0.0 0.33 0.337461
146751 1.0 0.66 0.337417
188125 0.0 0.33 0.33725
203423 0.0 0.33 0.337179
199491 0.0 0.33 0.337151
197099 0.0 0.33 0.337049
147188 0.0 0.33 0.337011
169128 0.0 0.33 0.336388
165908 0.0 0.33 0.336276
173302 0.0 0.33 0.335171
192122 0.0 0.33 0.335124
160575 0.0 0.33 0.33498
193243 0.0 0.33 0.334405
200785 0.0 0.33 0.334331
187421 0.0 0.33 0.33379
159319 0.0 0.33 0.333669
132510 0.0 0.33 0.333519
190789 0.0 0.33 0.33348
179996 0.0 0.33 0.333255
171869 0.0 0.33 0.332776
125324 0.0 0.33 0.331764
190520 0.0 0.33 0.331759
146529 0.0 0.33 0.331659
195406 0.0 0.33 0.331638
165954 0.0 0.33 0.331363
153927 0.0 0.33 0.331007
142645 0.0 0.33 0.330453
119295 1.0 0.66 0.330321
157649 0.0 0.32 0.329785
177157 0.0 0.32 0.329361
129008 0.0 0.32 0.329295
197893 0.0 0.32 0.329242
150070 0.0 0.32 0.328851
178664 0.0 0.32 0.328826
183704 0.0 0.32 0.328712
196007 0.0 0.32 0.328344
182749 0.0 0.32 0.328225
157179 0.0 0.32 0.327973
190944 0.0 0.32 0.327957
203051 0.0 0.32 0.327947
152805 0.0 0.32 0.32791
194169 0.0 0.32 0.327822
197562 0.0 0.32 0.327466
203140 0.0 0.32 0.327442
160429 0.0 0.32 0.326379
179002 0.0 0.32 0.325895
163134 0.0 0.32 0.32538
177003 0.0 0.32 0.324948
135084 0.0 0.32 0.324548
147056 1.0 0.67 0.324291
153813 0.0 0.32 0.323718
182609 0.0 0.32 0.323707
177884 0.0 0.32 0.323215
164035 0.0 0.32 0.322893
157752 0.0 0.32 0.32286
170535 0.0 0.32 0.322712
130882 0.0 0.32 0.322076
187242 0.0 0.32 0.321955
100979 1.0 0.67 0.321672
123787 0.0 0.32 0.321642
156349 0.0 0.32 0.321251
152873 0.0 0.32 0.321073
202565 0.0 0.32 0.321006
188379 0.0 0.32 0.320919
173532 0.0 0.32 0.3205
155561 0.0 0.32 0.320427
191817 1.0 0.67 0.32036
157751 0.0 0.32 0.320206
154821 1.0 0.67 0.320198
203173 0.0 0.32 0.320133
196468 0.0 0.31 0.31999
157201 0.0 0.31 0.319731
151290 0.0 0.31 0.31966
180380 0.0 0.31 0.319523
201359 0.0 0.31 0.319522
152115 0.0 0.31 0.319378
200910 0.0 0.31 0.318994
187628 0.0 0.31 0.31888
115539 1.0 0.68 0.31872
177130 0.0 0.31 0.318676
169091 0.0 0.31 0.318363
152810 0.0 0.31 0.318297
158125 0.0 0.31 0.317945
165928 0.0 0.31 0.317268
160682 0.0 0.31 0.31699
175321 0.0 0.31 0.316584
198068 0.0 0.31 0.316303
115786 0.0 0.31 0.31617
181467 0.0 0.31 0.316064
129978 1.0 0.68 0.316048
110907 1.0 0.68 0.315957
187004 0.0 0.31 0.315191
194276 0.0 0.31 0.314899
132560 0.0 0.31 0.314338
184108 0.0 0.31 0.313619
151462 0.0 0.31 0.313588
162321 0.0 0.31 0.31289
163693 0.0 0.31 0.312855
154665 0.0 0.31 0.312718
155907 0.0 0.31 0.312596
190946 0.0 0.31 0.312499
188614 0.0 0.31 0.31249
190923 0.0 0.31 0.312307
195357 0.0 0.31 0.312218
165502 0.0 0.31 0.312059
200291 0.0 0.31 0.312034
177394 0.0 0.31 0.311973
182706 0.0 0.31 0.311767
118601 0.0 0.31 0.311583
129734 0.0 0.31 0.311238
123033 0.0 0.31 0.310897
157688 0.0 0.31 0.310738
177865 0.0 0.31 0.310466
115855 0.0 0.31 0.310312
155035 0.0 0.31 0.310113
163884 0.0 0.31 0.310106
188487 0.0 0.30 0.309748
197133 0.0 0.30 0.30973
179816 0.0 0.30 0.309534
178059 0.0 0.30 0.309406
141939 0.0 0.30 0.309188
154844 0.0 0.30 0.30895
180587 0.0 0.30 0.308902
177477 0.0 0.30 0.30888
195830 0.0 0.30 0.308478
145549 1.0 0.69 0.308219
198881 0.0 0.30 0.308185
141516 0.0 0.30 0.307919
178464 0.0 0.30 0.307844
141170 1.0 0.69 0.307779
177464 0.0 0.30 0.307763
150246 0.0 0.30 0.307563
145795 0.0 0.30 0.307108
146716 0.0 0.30 0.306934
133723 0.0 0.30 0.306865
191421 0.0 0.30 0.306755
126364 1.0 0.69 0.306605
181962 0.0 0.30 0.305914
189979 0.0 0.30 0.305876
175034 0.0 0.30 0.305749
121491 1.0 0.69 0.305708
123002 0.0 0.30 0.305441
152857 0.0 0.30 0.304896
184875 0.0 0.30 0.30484
127149 0.0 0.30 0.304629
169681 0.0 0.30 0.304336
203165 0.0 0.30 0.304192
144832 1.0 0.69 0.304124
115537 1.0 0.69 0.30402
136798 0.0 0.30 0.303842
154732 0.0 0.30 0.303551
167123 1.0 0.69 0.303237
135953 0.0 0.30 0.30313
192320 0.0 0.30 0.303081
144886 0.0 0.30 0.303071
123412 1.0 0.69 0.302773
110363 1.0 0.69 0.302346
166719 0.0 0.30 0.302337
141089 0.0 0.30 0.30211
156323 0.0 0.30 0.302077
194219 0.0 0.30 0.302061
141169 0.0 0.30 0.30173
108363 1.0 0.69 0.301614
177006 0.0 0.30 0.301577
179090 0.0 0.30 0.301509
156358 0.0 0.30 0.301212
160337 0.0 0.30 0.301102
123242 1.0 0.69 0.300958
168062 0.0 0.30 0.300242
175335 0.0 0.29 0.299845
202812 0.0 0.29 0.29982
141337 0.0 0.29 0.299622
202548 0.0 0.29 0.299135
138704 0.0 0.29 0.299068
166416 0.0 0.29 0.299055
172510 0.0 0.29 0.299034
121420 1.0 0.70 0.29881
144514 0.0 0.29 0.298694
183018 0.0 0.29 0.298596
202835 0.0 0.29 0.298464
182724 0.0 0.29 0.297527
200420 0.0 0.29 0.297494
133964 0.0 0.29 0.297322
152294 1.0 0.70 0.29678
200839 0.0 0.29 0.296625
194069 0.0 0.29 0.296492
136400 1.0 0.70 0.296452
121206 0.0 0.29 0.296452
198701 0.0 0.29 0.296238
195633 0.0 0.29 0.296129
146726 0.0 0.29 0.295083
120883 1.0 0.70 0.294652
150455 0.0 0.29 0.294556
194474 0.0 0.29 0.294446
188783 1.0 0.70 0.294333
144531 0.0 0.29 0.293921
152556 0.0 0.29 0.293641
184590 0.0 0.29 0.293307
180555 0.0 0.29 0.293137
201008 0.0 0.29 0.292896
196746 0.0 0.29 0.292417
201769 0.0 0.29 0.292342
182349 0.0 0.29 0.292329
111817 1.0 0.70 0.292157
155154 0.0 0.29 0.292028
158351 0.0 0.29 0.291847
189976 0.0 0.29 0.291466
202852 0.0 0.29 0.290788
182188 0.0 0.29 0.290442
123160 1.0 0.70 0.290074
162266 0.0 0.28 0.289987
180492 0.0 0.28 0.289451
112478 1.0 0.71 0.289385
150565 1.0 0.71 0.289123
196801 0.0 0.28 0.288822
153906 0.0 0.28 0.288749
196882 0.0 0.28 0.288668
201791 0.0 0.28 0.288426
175268 0.0 0.28 0.288236
154776 0.0 0.28 0.288216
140163 0.0 0.28 0.287482
172318 0.0 0.28 0.287123
201568 0.0 0.28 0.2871
188526 0.0 0.28 0.287063
182972 0.0 0.28 0.28622
149153 0.0 0.28 0.286051
164670 0.0 0.28 0.285868
155146 0.0 0.28 0.285804
194747 1.0 0.71 0.285693
143080 0.0 0.28 0.285671
148400 0.0 0.28 0.285654
167045 0.0 0.28 0.285586
175873 0.0 0.28 0.284189
152394 0.0 0.28 0.283676
164489 0.0 0.28 0.283403
194986 0.0 0.28 0.283164
199115 0.0 0.28 0.282952
164884 0.0 0.28 0.282617
121583 1.0 0.71 0.282615
167220 0.0 0.28 0.282507
150252 0.0 0.28 0.282506
201956 0.0 0.28 0.28226
107496 1.0 0.71 0.281742
130850 0.0 0.28 0.281692
156279 0.0 0.28 0.281551
160631 1.0 0.71 0.281243
166494 0.0 0.28 0.280745
165683 0.0 0.28 0.280572
157856 1.0 0.71 0.280389
127893 0.0 0.27 0.279968
196796 0.0 0.27 0.279941
141261 0.0 0.27 0.279669
182490 0.0 0.27 0.279453
154967 0.0 0.27 0.279346
180774 0.0 0.27 0.278914
152082 0.0 0.27 0.278657
188495 0.0 0.27 0.277577
171290 0.0 0.27 0.277396
142572 0.0 0.27 0.277309
185168 0.0 0.27 0.277295
173261 0.0 0.27 0.277203
164075 0.0 0.27 0.27719
119474 0.0 0.27 0.277107
136749 0.0 0.27 0.276986
168339 0.0 0.27 0.276585
178018 0.0 0.27 0.275956
142914 0.0 0.27 0.275689
176316 0.0 0.27 0.275192
149778 0.0 0.27 0.275141
118146 0.0 0.27 0.274929
182077 0.0 0.27 0.274906
152890 0.0 0.27 0.274833
128141 0.0 0.27 0.27476
156467 0.0 0.27 0.274545
124290 0.0 0.27 0.274408
188355 0.0 0.27 0.273942
135351 0.0 0.27 0.273597
124250 0.0 0.27 0.27345
186642 0.0 0.27 0.273286
148646 0.0 0.27 0.273078
202277 0.0 0.27 0.272949
181099 0.0 0.27 0.272932
178247 0.0 0.27 0.27286
119531 1.0 0.72 0.272839
177552 0.0 0.27 0.272728
185274 0.0 0.27 0.272621
158948 0.0 0.27 0.272438
155612 0.0 0.27 0.272227
120677 1.0 0.72 0.271767
178283 0.0 0.27 0.271417
166655 0.0 0.27 0.271224
178613 0.0 0.27 0.270848
144431 0.0 0.27 0.270767
154477 0.0 0.27 0.270718
165450 0.0 0.27 0.270708
162817 0.0 0.27 0.27035
171358 0.0 0.27 0.270304
187471 0.0 0.27 0.27008
157185 0.0 0.26 0.269373
174074 0.0 0.26 0.269344
125360 0.0 0.26 0.269315
192355 1.0 0.73 0.268662
131943 0.0 0.26 0.268583
173010 0.0 0.26 0.267907
163270 0.0 0.26 0.267903
192128 0.0 0.26 0.267374
156283 0.0 0.26 0.267309
200734 1.0 0.73 0.2672
142661 0.0 0.26 0.266941
148256 0.0 0.26 0.266871
187561 0.0 0.26 0.266842
128233 1.0 0.73 0.266785
190437 0.0 0.26 0.266653
142457 0.0 0.26 0.266643
139161 1.0 0.73 0.266584
137813 0.0 0.26 0.266573
192565 0.0 0.26 0.266343
193032 0.0 0.26 0.266082
177251 0.0 0.26 0.265987
182982 0.0 0.26 0.265695
161782 0.0 0.26 0.265693
164904 0.0 0.26 0.265019
202745 0.0 0.26 0.264862
186450 0.0 0.26 0.264715
161263 0.0 0.26 0.264414
169881 0.0 0.26 0.264408
183170 0.0 0.26 0.264335
142077 0.0 0.26 0.264015
169495 0.0 0.26 0.263814
196969 0.0 0.26 0.263364
188523 0.0 0.26 0.263278
170817 0.0 0.26 0.263239
159408 0.0 0.26 0.262717
165775 0.0 0.26 0.262684
140958 0.0 0.26 0.262228
169621 0.0 0.26 0.261994
194518 0.0 0.26 0.261847
187784 0.0 0.26 0.261407
159944 0.0 0.26 0.261406
169429 0.0 0.26 0.261219
148266 0.0 0.26 0.261067
189657 0.0 0.26 0.261044
198414 0.0 0.26 0.260828
200237 0.0 0.26 0.260754
112051 0.0 0.26 0.26074
191999 1.0 0.73 0.260538
197995 0.0 0.26 0.260362
176270 0.0 0.26 0.260305
154957 0.0 0.25 0.259942
191826 0.0 0.25 0.259434
189289 0.0 0.25 0.259185
168645 0.0 0.25 0.259031
143445 0.0 0.25 0.25895
187970 0.0 0.25 0.258455
157757 0.0 0.25 0.257805
177113 0.0 0.25 0.25719
181826 0.0 0.25 0.257088
144253 0.0 0.25 0.256975
187485 0.0 0.25 0.256288
189552 0.0 0.25 0.256122
154419 0.0 0.25 0.256015
141760 0.0 0.25 0.255704
193296 0.0 0.25 0.255221
139396 0.0 0.25 0.255196
199938 0.0 0.25 0.255136
179927 0.0 0.25 0.255078
174771 0.0 0.25 0.255039
120785 1.0 0.74 0.255014
169287 0.0 0.25 0.254923
170019 0.0 0.25 0.254879
198031 0.0 0.25 0.254688
175445 0.0 0.25 0.254482
153811 0.0 0.25 0.254347
194299 0.0 0.25 0.25416
117065 0.0 0.25 0.253845
187586 0.0 0.25 0.253557
169364 0.0 0.25 0.253035
146787 0.0 0.25 0.252664
160403 0.0 0.25 0.252366
200240 0.0 0.25 0.252278
177253 0.0 0.25 0.252133
190929 0.0 0.25 0.251763
174952 0.0 0.25 0.251446
145955 0.0 0.25 0.25112
186969 0.0 0.25 0.25093
184601 0.0 0.25 0.250501
203251 0.0 0.25 0.25031
151273 0.0 0.25 0.250279
109651 1.0 0.74 0.25017
162561 0.0 0.24 0.249621
190887 0.0 0.24 0.249618
158742 0.0 0.24 0.249491
175368 0.0 0.24 0.249409
129832 1.0 0.75 0.249192
191944 0.0 0.24 0.249065
183438 0.0 0.24 0.248915
172462 0.0 0.24 0.248507
148463 0.0 0.24 0.248507
153822 0.0 0.24 0.248156
198354 0.0 0.24 0.248092
179671 0.0 0.24 0.247473
142191 0.0 0.24 0.247186
200983 0.0 0.24 0.247037
140433 0.0 0.24 0.246998
121478 0.0 0.24 0.246858
152516 0.0 0.24 0.24684
115176 0.0 0.24 0.246782
151477 0.0 0.24 0.246493
148209 0.0 0.24 0.246295
170326 0.0 0.24 0.244998
197972 1.0 0.75 0.244737
139163 1.0 0.75 0.244684
203233 0.0 0.24 0.244591
183783 0.0 0.24 0.24455
147798 0.0 0.24 0.244459
139930 0.0 0.24 0.243693
179242 0.0 0.24 0.243564
139908 0.0 0.24 0.243427
160892 0.0 0.24 0.243195
121587 0.0 0.24 0.242991
105696 0.0 0.24 0.242956
196963 1.0 0.75 0.242919
194933 1.0 0.75 0.242882
106967 1.0 0.75 0.242844
199294 0.0 0.24 0.242782
135119 0.0 0.24 0.242778
185595 0.0 0.24 0.242758
135954 1.0 0.75 0.242529
162353 0.0 0.24 0.242367
182504 0.0 0.24 0.242365
157343 0.0 0.24 0.242254
173440 0.0 0.24 0.242071
189341 0.0 0.24 0.242023
179856 0.0 0.24 0.241798
130459 0.0 0.24 0.241604
199479 1.0 0.75 0.241215
152878 0.0 0.24 0.241107
177308 0.0 0.24 0.241048
151734 0.0 0.24 0.240523
196066 0.0 0.24 0.240139
132687 0.0 0.24 0.240036
131380 0.0 0.23 0.239919
168736 0.0 0.23 0.238958
103929 0.0 0.23 0.238886
92508 1.0 0.76 0.238465
162358 0.0 0.23 0.238372
191694 0.0 0.23 0.238122
181111 0.0 0.23 0.238081
197162 0.0 0.23 0.237978
195402 0.0 0.23 0.237903
150550 1.0 0.76 0.237438
154922 0.0 0.23 0.23715
165902 0.0 0.23 0.237007
194300 0.0 0.23 0.236815
200995 1.0 0.76 0.236763
201320 0.0 0.23 0.23619
116816 1.0 0.76 0.236141
184705 0.0 0.23 0.235539
172713 0.0 0.23 0.235394
154140 0.0 0.23 0.235223
201933 0.0 0.23 0.234525
127223 1.0 0.76 0.234479
155720 1.0 0.76 0.234466
178598 0.0 0.23 0.23382
144803 0.0 0.23 0.233699
162633 0.0 0.23 0.233523
167893 0.0 0.23 0.233425
191608 0.0 0.23 0.233294
197556 1.0 0.76 0.233006
145904 1.0 0.76 0.232713
171267 0.0 0.23 0.232515
138016 1.0 0.76 0.232493
197273 1.0 0.76 0.232488
182568 0.0 0.23 0.232398
151002 0.0 0.23 0.232171
176990 0.0 0.23 0.232141
179357 0.0 0.23 0.232118
179694 0.0 0.23 0.231943
185459 0.0 0.23 0.23163
160259 0.0 0.23 0.231621
161675 0.0 0.23 0.23137
196731 0.0 0.23 0.231248
169036 0.0 0.23 0.231023
151778 0.0 0.23 0.23097
200454 0.0 0.23 0.230805
189391 0.0 0.23 0.230494
195995 0.0 0.23 0.230492
154686 0.0 0.23 0.230471
139483 1.0 0.76 0.2302
174042 0.0 0.22 0.229888
170468 0.0 0.22 0.229217
170222 1.0 0.77 0.229159
201773 0.0 0.22 0.229132
117249 1.0 0.77 0.229107
156241 0.0 0.22 0.228708
190988 0.0 0.22 0.228377
168573 1.0 0.77 0.228237
192401 0.0 0.22 0.227361
180724 0.0 0.22 0.227293
119971 0.0 0.22 0.227165
149597 0.0 0.22 0.227064
201619 0.0 0.22 0.226886
148885 0.0 0.22 0.226807
186865 0.0 0.22 0.226639
175027 0.0 0.22 0.226549
143247 0.0 0.22 0.226482
163928 0.0 0.22 0.226457
191775 0.0 0.22 0.226446
183681 0.0 0.22 0.225431
160431 0.0 0.22 0.225377
129377 0.0 0.22 0.224818
200571 0.0 0.22 0.224484
178340 0.0 0.22 0.224466
163625 0.0 0.22 0.224377
106144 0.0 0.22 0.224343
171281 0.0 0.22 0.22419
171784 0.0 0.22 0.224073
119573 0.0 0.22 0.223909
169619 1.0 0.77 0.223781
168843 0.0 0.22 0.223724
167798 0.0 0.22 0.223478
183762 0.0 0.22 0.223305
202982 0.0 0.22 0.223127
141368 0.0 0.22 0.223076
146699 0.0 0.22 0.222908
198612 0.0 0.22 0.222774
141711 0.0 0.22 0.222714
196818 0.0 0.22 0.222409
167221 0.0 0.22 0.222103
159261 0.0 0.22 0.221918
150659 0.0 0.22 0.221892
184064 0.0 0.22 0.221419
159757 0.0 0.22 0.22083
164898 0.0 0.21 0.219924
178101 1.0 0.78 0.219913
191249 0.0 0.21 0.219715
159740 0.0 0.21 0.219609
144748 0.0 0.21 0.219605
201792 0.0 0.21 0.219036
175448 0.0 0.21 0.218389
183281 0.0 0.21 0.218262
146744 0.0 0.21 0.218218
148255 0.0 0.21 0.217952
166764 0.0 0.21 0.217893
179396 0.0 0.21 0.217763
183383 0.0 0.21 0.217653
171497 0.0 0.21 0.217447
196540 0.0 0.21 0.217259
157327 0.0 0.21 0.216912
149996 0.0 0.21 0.21675
172893 0.0 0.21 0.216413
181654 0.0 0.21 0.21621
200605 0.0 0.21 0.215787
137770 0.0 0.21 0.215498
134087 1.0 0.78 0.215392
133646 0.0 0.21 0.2147
173263 0.0 0.21 0.214339
173165 0.0 0.21 0.214296
189409 0.0 0.21 0.214152
184769 0.0 0.21 0.214118
132657 1.0 0.78 0.214013
109619 1.0 0.78 0.213956
162382 0.0 0.21 0.213956
129844 1.0 0.78 0.213935
170122 0.0 0.21 0.213686
161446 0.0 0.21 0.213529
183027 0.0 0.21 0.213326
180986 0.0 0.21 0.213141
157111 0.0 0.21 0.212954
151392 0.0 0.21 0.212075
173309 0.0 0.21 0.212012
141452 0.0 0.21 0.211838
152611 0.0 0.21 0.211139
170553 0.0 0.21 0.210848
165882 0.0 0.21 0.21071
121803 0.0 0.21 0.21069
164126 0.0 0.21 0.210638
141030 1.0 0.78 0.210603
200358 0.0 0.21 0.210415
114666 0.0 0.21 0.210289
130015 1.0 0.78 0.210261
198081 0.0 0.21 0.210185
190996 0.0 0.20 0.209951
169749 0.0 0.20 0.209049
148295 0.0 0.20 0.20854
172854 0.0 0.20 0.208469
174869 0.0 0.20 0.207833
158907 0.0 0.20 0.207578
157272 0.0 0.20 0.207417
194467 0.0 0.20 0.207269
149137 0.0 0.20 0.207126
182840 0.0 0.20 0.206851
105043 0.0 0.20 0.206769
128329 0.0 0.20 0.20654
156988 1.0 0.79 0.20637
155180 0.0 0.20 0.206366
152497 0.0 0.20 0.206363
203295 1.0 0.79 0.206125
127022 0.0 0.20 0.20551
149013 0.0 0.20 0.205464
181168 0.0 0.20 0.205368
168747 0.0 0.20 0.205362
103923 0.0 0.20 0.204985
147260 0.0 0.20 0.204983
149555 0.0 0.20 0.204923
108555 1.0 0.79 0.204846
199245 0.0 0.20 0.204703
138926 0.0 0.20 0.204522
194845 0.0 0.20 0.204493
160301 0.0 0.20 0.204473
134177 0.0 0.20 0.204151
144011 0.0 0.20 0.204001
175308 0.0 0.20 0.203932
143196 0.0 0.20 0.203891
129255 0.0 0.20 0.203847
144506 0.0 0.20 0.203697
164874 0.0 0.20 0.203596
171844 0.0 0.20 0.20346
184060 0.0 0.20 0.203208
188312 0.0 0.20 0.20297
135471 0.0 0.20 0.202808
165076 0.0 0.20 0.202769
158426 0.0 0.20 0.202544
180223 0.0 0.20 0.202021
167762 0.0 0.20 0.201987
147789 0.0 0.20 0.20148
153238 0.0 0.20 0.201069
125401 0.0 0.20 0.200436
152588 0.0 0.20 0.200212
118036 0.0 0.20 0.200066
187267 0.0 0.19 0.199804
197513 0.0 0.19 0.199593
127403 0.0 0.19 0.199542
174958 0.0 0.19 0.199483
166090 0.0 0.19 0.199151
197727 0.0 0.19 0.199086
155821 0.0 0.19 0.198963
140964 0.0 0.19 0.198368
173572 0.0 0.19 0.197902
182710 0.0 0.19 0.197746
197550 0.0 0.19 0.197455
165771 0.0 0.19 0.197397
158725 0.0 0.19 0.196735
130522 0.0 0.19 0.19666
185603 0.0 0.19 0.196546
183215 0.0 0.19 0.196489
179232 0.0 0.19 0.196097
167368 0.0 0.19 0.195892
167527 0.0 0.19 0.195527
171590 0.0 0.19 0.195402
190044 0.0 0.19 0.195323
194595 0.0 0.19 0.195258
177565 0.0 0.19 0.195139
183093 0.0 0.19 0.194817
143038 0.0 0.19 0.194766
172491 0.0 0.19 0.194745
159710 0.0 0.19 0.193465
111143 1.0 0.80 0.193371
198094 0.0 0.19 0.193224
140882 0.0 0.19 0.193126
132027 0.0 0.19 0.193
171404 0.0 0.19 0.192945
150978 1.0 0.80 0.192921
184542 0.0 0.19 0.192893
199849 0.0 0.19 0.192437
129919 0.0 0.19 0.192218
143813 0.0 0.19 0.19204
196316 0.0 0.19 0.19203
138029 1.0 0.80 0.191825
187052 0.0 0.19 0.191807
157346 0.0 0.19 0.191712
191257 0.0 0.19 0.191507
182193 0.0 0.19 0.191398
188502 0.0 0.19 0.191375
156764 1.0 0.80 0.19135
178313 0.0 0.19 0.191189
107059 0.0 0.19 0.190467
194850 0.0 0.19 0.190439
161586 0.0 0.18 0.189925
184604 0.0 0.18 0.189919
155589 0.0 0.18 0.189881
155314 0.0 0.18 0.189868
179340 0.0 0.18 0.189818
164346 0.0 0.18 0.189491
140343 0.0 0.18 0.189305
116857 0.0 0.18 0.188779
159576 0.0 0.18 0.187824
161055 0.0 0.18 0.187412
170780 0.0 0.18 0.187378
172395 0.0 0.18 0.18729
142552 0.0 0.18 0.187248
164110 0.0 0.18 0.18688
192396 0.0 0.18 0.18684
132421 0.0 0.18 0.186814
169869 0.0 0.18 0.186751
164141 0.0 0.18 0.186677
183117 0.0 0.18 0.185993
135444 0.0 0.18 0.185858
195518 0.0 0.18 0.185807
126360 1.0 0.81 0.185655
142142 0.0 0.18 0.185345
198571 0.0 0.18 0.185034
183741 0.0 0.18 0.185004
136899 1.0 0.81 0.184931
187479 0.0 0.18 0.184167
154915 1.0 0.81 0.183891
162995 0.0 0.18 0.183795
175369 0.0 0.18 0.183691
193275 0.0 0.18 0.183578
151034 0.0 0.18 0.183417
182911 1.0 0.81 0.18338
177510 0.0 0.18 0.18334
141420 0.0 0.18 0.18321
175061 0.0 0.18 0.182872
188431 0.0 0.18 0.182749
195337 0.0 0.18 0.182128
149128 0.0 0.18 0.181736
152284 1.0 0.81 0.181604
151099 0.0 0.18 0.181564
168626 0.0 0.18 0.181377
195161 0.0 0.18 0.181361
197193 0.0 0.18 0.181197
133515 1.0 0.81 0.181136
147574 0.0 0.18 0.181121
172277 0.0 0.18 0.180968
198106 0.0 0.18 0.180825
165614 0.0 0.18 0.180676
161759 0.0 0.18 0.18064
186267 0.0 0.18 0.180484
167917 0.0 0.18 0.180466
158380 0.0 0.18 0.180417
146815 0.0 0.18 0.180412
181980 0.0 0.18 0.18022
197577 0.0 0.18 0.180014
181453 0.0 0.17 0.179025
155727 0.0 0.17 0.178846
168330 0.0 0.17 0.178818
155047 0.0 0.17 0.178743
191877 0.0 0.17 0.178642
189958 0.0 0.17 0.178561
193600 0.0 0.17 0.178305
202060 0.0 0.17 0.177739
143626 1.0 0.82 0.177663
194071 0.0 0.17 0.177494
165280 0.0 0.17 0.17746
133385 0.0 0.17 0.177203
197227 1.0 0.82 0.177081
164940 0.0 0.17 0.176978
118382 0.0 0.17 0.176813
198195 0.0 0.17 0.176644
148028 0.0 0.17 0.176581
199343 0.0 0.17 0.176542
169899 0.0 0.17 0.176408
198387 0.0 0.17 0.176363
182650 0.0 0.17 0.175762
140695 0.0 0.17 0.175746
163622 0.0 0.17 0.174988
202518 0.0 0.17 0.174858
203387 0.0 0.17 0.174663
172377 0.0 0.17 0.174621
182387 0.0 0.17 0.174608
145595 0.0 0.17 0.174592
185553 0.0 0.17 0.174325
163360 0.0 0.17 0.174234
196195 0.0 0.17 0.174212
197126 0.0 0.17 0.174139
148623 0.0 0.17 0.173664
175630 0.0 0.17 0.173428
188758 0.0 0.17 0.173311
115818 1.0 0.82 0.173255
148991 0.0 0.17 0.173231
181981 0.0 0.17 0.173166
183757 0.0 0.17 0.172698
201335 0.0 0.17 0.172182
196249 0.0 0.17 0.172087
185538 0.0 0.17 0.172082
137315 0.0 0.17 0.172073
153278 0.0 0.17 0.171675
166366 0.0 0.17 0.17167
168893 0.0 0.17 0.171478
158053 0.0 0.17 0.171218
150839 0.0 0.17 0.170999
189592 0.0 0.17 0.170967
144419 0.0 0.17 0.170878
144167 0.0 0.17 0.170762
176856 0.0 0.17 0.170289
177955 0.0 0.16 0.169869
193513 0.0 0.16 0.169845
134872 0.0 0.16 0.169765
142765 0.0 0.16 0.169726
202279 0.0 0.16 0.16942
167433 0.0 0.16 0.169031
123651 1.0 0.83 0.168968
147623 0.0 0.16 0.168909
170096 0.0 0.16 0.168857
186310 0.0 0.16 0.168511
181476 0.0 0.16 0.16823
199199 0.0 0.16 0.168083
140236 0.0 0.16 0.167794
172056 0.0 0.16 0.167536
182311 0.0 0.16 0.167521
198558 0.0 0.16 0.167506
137195 0.0 0.16 0.167497
168384 0.0 0.16 0.167418
186336 0.0 0.16 0.16736
143838 0.0 0.16 0.167336
151784 0.0 0.16 0.167329
164530 0.0 0.16 0.167298
170698 0.0 0.16 0.16723
176400 0.0 0.16 0.167207
168138 0.0 0.16 0.166387
177882 0.0 0.16 0.166365
153236 0.0 0.16 0.166188
153026 0.0 0.16 0.166173
149497 0.0 0.16 0.166009
120899 1.0 0.83 0.165943
189573 0.0 0.16 0.165912
148876 0.0 0.16 0.165881
196364 0.0 0.16 0.165691
140308 0.0 0.16 0.164503
103860 0.0 0.16 0.164488
188354 0.0 0.16 0.164342
155375 0.0 0.16 0.16433
156666 1.0 0.83 0.164155
197332 1.0 0.83 0.163823
198449 0.0 0.16 0.163289
155062 0.0 0.16 0.163162
190666 0.0 0.16 0.16312
191253 0.0 0.16 0.162999
121530 1.0 0.83 0.162947
198098 0.0 0.16 0.162798
141085 0.0 0.16 0.162722
145882 0.0 0.16 0.162454
162578 0.0 0.16 0.16235
198786 0.0 0.16 0.162245
197954 0.0 0.16 0.162119
173543 0.0 0.16 0.161873
171364 0.0 0.16 0.161793
195998 0.0 0.16 0.161667
148507 0.0 0.16 0.161587
146852 0.0 0.16 0.161443
166493 0.0 0.16 0.161064
146560 0.0 0.16 0.160996
183581 0.0 0.15 0.159984
201845 0.0 0.15 0.15954
198640 1.0 0.84 0.159259
191439 0.0 0.15 0.159169
148488 0.0 0.15 0.159029
145745 0.0 0.15 0.15895
154513 0.0 0.15 0.15891
166731 0.0 0.15 0.158643
160264 0.0 0.15 0.15849
132038 0.0 0.15 0.15843
181093 0.0 0.15 0.158428
187993 0.0 0.15 0.158083
180629 0.0 0.15 0.157903
125294 0.0 0.15 0.157578
130770 0.0 0.15 0.157458
174338 0.0 0.15 0.157401
195258 0.0 0.15 0.156824
195027 0.0 0.15 0.156679
185504 0.0 0.15 0.156398
193521 0.0 0.15 0.156295
199792 0.0 0.15 0.15592
192278 0.0 0.15 0.155564
191488 0.0 0.15 0.155426
160425 0.0 0.15 0.155376
187623 0.0 0.15 0.155356
174107 0.0 0.15 0.154974
176374 0.0 0.15 0.154835
196655 0.0 0.15 0.15479
177619 0.0 0.15 0.154591
150127 0.0 0.15 0.154563
108562 1.0 0.84 0.154534
191927 0.0 0.15 0.154145
115828 1.0 0.84 0.154094
182743 0.0 0.15 0.153819
151442 0.0 0.15 0.153505
157983 0.0 0.15 0.153225
188762 0.0 0.15 0.15317
188850 1.0 0.84 0.153124
171104 0.0 0.15 0.15309
165706 0.0 0.15 0.153021
129902 0.0 0.15 0.15296
159569 0.0 0.15 0.152624
183668 0.0 0.15 0.15255
181104 0.0 0.15 0.152445
174858 0.0 0.15 0.152361
143457 0.0 0.15 0.152288
156061 0.0 0.15 0.152059
186189 0.0 0.15 0.152021
167376 0.0 0.15 0.151738
144661 0.0 0.15 0.151696
179829 0.0 0.15 0.151586
186469 0.0 0.15 0.151543
166081 0.0 0.15 0.151303
183009 0.0 0.15 0.150884
131435 0.0 0.15 0.150707
198102 0.0 0.15 0.150422
164130 0.0 0.15 0.150392
186248 0.0 0.15 0.150196
147596 0.0 0.15 0.150072
155825 0.0 0.14 0.149888
156102 0.0 0.14 0.149609
180632 0.0 0.14 0.149361
184432 0.0 0.14 0.14936
139241 0.0 0.14 0.14909
170295 0.0 0.14 0.148743
167367 0.0 0.14 0.148552
163831 0.0 0.14 0.148498
108545 1.0 0.85 0.148414
184456 0.0 0.14 0.148315
163976 0.0 0.14 0.148159
104454 0.0 0.14 0.147946
143291 0.0 0.14 0.147568
189416 0.0 0.14 0.147514
196389 0.0 0.14 0.147484
172207 0.0 0.14 0.14732
190864 0.0 0.14 0.147053
173834 0.0 0.14 0.146912
150567 0.0 0.14 0.146876
157256 0.0 0.14 0.146791
168368 1.0 0.85 0.146609
157156 0.0 0.14 0.146503
134607 0.0 0.14 0.146309
165105 0.0 0.14 0.146298
190063 0.0 0.14 0.146253
170955 0.0 0.14 0.146095
185520 0.0 0.14 0.145746
193048 0.0 0.14 0.145447
172334 0.0 0.14 0.145409
149523 0.0 0.14 0.144781
112159 1.0 0.85 0.144536
182044 0.0 0.14 0.144328
172981 0.0 0.14 0.143994
156972 0.0 0.14 0.143984
151603 0.0 0.14 0.143893
164872 0.0 0.14 0.143735
196489 0.0 0.14 0.143729
194585 0.0 0.14 0.143681
140811 0.0 0.14 0.143651
185181 0.0 0.14 0.143602
148598 0.0 0.14 0.14349
199831 0.0 0.14 0.143467
191791 0.0 0.14 0.143232
191509 0.0 0.14 0.14296
159560 0.0 0.14 0.142935
191790 0.0 0.14 0.142542
183635 0.0 0.14 0.142457
137634 0.0 0.14 0.142109
183920 0.0 0.14 0.141769
157338 0.0 0.14 0.141638
201920 0.0 0.14 0.141615
189955 0.0 0.14 0.140969
194072 0.0 0.14 0.140732
152377 0.0 0.14 0.140613
166635 0.0 0.14 0.140494
139435 0.0 0.14 0.140263
160108 0.0 0.14 0.14014
191122 0.0 0.13 0.139817
150281 0.0 0.13 0.139469
194173 0.0 0.13 0.139233
181404 0.0 0.13 0.13912
185069 0.0 0.13 0.138994
116977 0.0 0.13 0.138979
179736 0.0 0.13 0.138961
137312 0.0 0.13 0.138853
183098 0.0 0.13 0.138706
144020 1.0 0.86 0.138632
201929 0.0 0.13 0.138425
156336 0.0 0.13 0.137917
130820 0.0 0.13 0.137743
166017 0.0 0.13 0.137724
177104 0.0 0.13 0.137671
126483 0.0 0.13 0.13763
191772 0.0 0.13 0.137442
200445 0.0 0.13 0.137004
201994 0.0 0.13 0.136713
181546 0.0 0.13 0.136668
154933 0.0 0.13 0.136646
172299 0.0 0.13 0.136561
155893 0.0 0.13 0.136357
164993 0.0 0.13 0.135999
168865 0.0 0.13 0.135967
167441 0.0 0.13 0.135551
123395 0.0 0.13 0.135528
144306 0.0 0.13 0.135437
169556 0.0 0.13 0.135283
199692 0.0 0.13 0.13523
155046 0.0 0.13 0.135189
171450 0.0 0.13 0.135125
169359 0.0 0.13 0.134931
114724 1.0 0.86 0.134594
203414 0.0 0.13 0.134594
151575 0.0 0.13 0.133904
140006 0.0 0.13 0.1334
173691 0.0 0.13 0.133294
166006 0.0 0.13 0.133163
181695 0.0 0.13 0.133103
195330 0.0 0.13 0.132933
142556 0.0 0.13 0.132928
105182 0.0 0.13 0.132865
181301 0.0 0.13 0.132758
184521 0.0 0.13 0.132639
181768 0.0 0.13 0.132284
192279 0.0 0.13 0.132015
161604 0.0 0.13 0.131968
149714 0.0 0.13 0.131854
183773 0.0 0.13 0.131678
169615 0.0 0.13 0.131491
144367 0.0 0.13 0.131342
165447 0.0 0.13 0.131296
105296 0.0 0.13 0.131234
159590 0.0 0.13 0.131231
131424 0.0 0.13 0.131107
163732 0.0 0.13 0.131064
150198 0.0 0.13 0.131038
105230 0.0 0.13 0.130986
118105 1.0 0.86 0.130855
179132 0.0 0.13 0.130759
195573 0.0 0.13 0.130486
147117 0.0 0.13 0.130396
124778 0.0 0.13 0.130375
171599 0.0 0.13 0.130301
148517 0.0 0.12 0.129937
173186 0.0 0.12 0.129773
123830 0.0 0.12 0.129537
177398 0.0 0.12 0.129245
180301 0.0 0.12 0.129021
179989 0.0 0.12 0.128654
192044 0.0 0.12 0.128568
160627 1.0 0.87 0.128326
184543 0.0 0.12 0.128275
161760 0.0 0.12 0.128213
127279 1.0 0.87 0.128136
173484 0.0 0.12 0.127914
188182 0.0 0.12 0.127902
155074 0.0 0.12 0.127671
168359 0.0 0.12 0.127652
152499 0.0 0.12 0.127452
148665 0.0 0.12 0.127356
191884 0.0 0.12 0.1273
128304 0.0 0.12 0.127298
141428 1.0 0.87 0.127165
124153 0.0 0.12 0.126972
160803 0.0 0.12 0.126938
162152 0.0 0.12 0.126925
146845 0.0 0.12 0.126913
172198 0.0 0.12 0.126787
170105 0.0 0.12 0.126636
191907 0.0 0.12 0.126084
158814 0.0 0.12 0.125759
165270 0.0 0.12 0.125732
139411 0.0 0.12 0.125548
105420 0.0 0.12 0.125542
148399 0.0 0.12 0.125468
189331 0.0 0.12 0.125451
198488 1.0 0.87 0.125444
181659 0.0 0.12 0.125345
192120 0.0 0.12 0.125258
119577 0.0 0.12 0.125227
145721 0.0 0.12 0.12508
141581 0.0 0.12 0.125036
162996 0.0 0.12 0.125023
145797 0.0 0.12 0.124907
130769 0.0 0.12 0.124875
172327 0.0 0.12 0.124729
197868 0.0 0.12 0.124684
150692 0.0 0.12 0.124603
182906 0.0 0.12 0.124531
168161 0.0 0.12 0.124492
156796 0.0 0.12 0.12433
158791 0.0 0.12 0.124316
172839 0.0 0.12 0.124305
168516 0.0 0.12 0.124184
121283 0.0 0.12 0.123946
142594 1.0 0.87 0.123908
165564 0.0 0.12 0.123754
105278 0.0 0.12 0.123556
143234 0.0 0.12 0.123391
193490 0.0 0.12 0.123252
158174 0.0 0.12 0.123137
189250 0.0 0.12 0.123127
172828 0.0 0.12 0.123018
155007 0.0 0.12 0.123003
201096 0.0 0.12 0.122883
156245 0.0 0.12 0.122618
178622 0.0 0.12 0.122442
203288 0.0 0.12 0.12244
182730 0.0 0.12 0.122405
164257 0.0 0.12 0.121989
168238 0.0 0.12 0.121845
182851 0.0 0.12 0.121842
135516 0.0 0.12 0.12176
162194 0.0 0.12 0.121648
188506 0.0 0.12 0.121593
194349 0.0 0.12 0.120919
191690 0.0 0.12 0.120612
151595 0.0 0.11 0.119959
165656 0.0 0.11 0.119936
192086 0.0 0.11 0.119903
151092 0.0 0.11 0.119744
197802 0.0 0.11 0.119478
196771 0.0 0.11 0.11865
178408 0.0 0.11 0.118548
125535 0.0 0.11 0.118347
201345 0.0 0.11 0.118205
184420 0.0 0.11 0.118139
196487 0.0 0.11 0.117933
155147 0.0 0.11 0.117477
173259 0.0 0.11 0.117049
189278 0.0 0.11 0.117034
143053 0.0 0.11 0.116674
124630 0.0 0.11 0.116567
182653 0.0 0.11 0.116555
166767 0.0 0.11 0.116412
185988 0.0 0.11 0.116373
185304 0.0 0.11 0.116301
201069 0.0 0.11 0.116263
158290 0.0 0.11 0.116186
194126 0.0 0.11 0.115962
150786 0.0 0.11 0.1159
170304 0.0 0.11 0.115894
193462 0.0 0.11 0.115604
171933 0.0 0.11 0.115526
171598 0.0 0.11 0.115448
158237 0.0 0.11 0.115129
158331 0.0 0.11 0.114961
185400 0.0 0.11 0.114869
144411 0.0 0.11 0.114744
196320 0.0 0.11 0.114704
185966 0.0 0.11 0.114122
172173 0.0 0.11 0.114106
166442 0.0 0.11 0.113842
160693 0.0 0.11 0.113568
155418 0.0 0.11 0.112565
91811 0.0 0.11 0.112373
193111 0.0 0.11 0.112134
167341 0.0 0.11 0.112108
160125 0.0 0.11 0.112093
144235 0.0 0.11 0.111851
169014 0.0 0.11 0.111437
151006 0.0 0.11 0.11136
149465 0.0 0.11 0.111307
191460 0.0 0.11 0.111169
142094 0.0 0.11 0.11077
155366 0.0 0.11 0.110685
134897 1.0 0.88 0.110659
196380 0.0 0.11 0.110574
139714 0.0 0.11 0.11017
181802 0.0 0.10 0.10971
193492 0.0 0.10 0.1093
150047 0.0 0.10 0.109222
149595 0.0 0.10 0.109207
168769 0.0 0.10 0.109102
112109 1.0 0.89 0.109028
203403 0.0 0.10 0.108992
156275 0.0 0.10 0.108697
171977 0.0 0.10 0.10869
178660 0.0 0.10 0.108486
140660 0.0 0.10 0.10834
165659 0.0 0.10 0.108289
159631 0.0 0.10 0.108103
184517 0.0 0.10 0.107876
173922 0.0 0.10 0.107863
155343 0.0 0.10 0.107797
110757 0.0 0.10 0.10754
152029 0.0 0.10 0.107533
142719 0.0 0.10 0.107322
146760 0.0 0.10 0.107101
169440 0.0 0.10 0.107085
155392 0.0 0.10 0.106857
153117 0.0 0.10 0.106799
195069 0.0 0.10 0.106723
200326 0.0 0.10 0.106034
183596 0.0 0.10 0.10591
170560 0.0 0.10 0.105761
159732 0.0 0.10 0.105707
159511 0.0 0.10 0.1057
149860 0.0 0.10 0.105643
183529 0.0 0.10 0.105586
107951 0.0 0.10 0.105541
139900 0.0 0.10 0.105016
182381 0.0 0.10 0.104918
159424 0.0 0.10 0.104681
178825 0.0 0.10 0.104465
195562 0.0 0.10 0.10438
146922 0.0 0.10 0.10438
172123 0.0 0.10 0.104334
182736 0.0 0.10 0.104248
161713 0.0 0.10 0.104224
153903 0.0 0.10 0.104102
138606 1.0 0.89 0.103975
140959 0.0 0.10 0.103708
160131 0.0 0.10 0.103685
197872 0.0 0.10 0.103655
140476 0.0 0.10 0.103653
152148 0.0 0.10 0.102911
174171 0.0 0.10 0.102802
164094 0.0 0.10 0.102635
179209 0.0 0.10 0.102635
172647 0.0 0.10 0.102459
131051 0.0 0.10 0.102418
140542 0.0 0.10 0.10223
188652 0.0 0.10 0.102219
165559 0.0 0.10 0.102181
174056 0.0 0.10 0.102092
105597 1.0 0.89 0.102075
153833 0.0 0.10 0.101947
199823 0.0 0.10 0.101418
189521 1.0 0.89 0.101283
169211 0.0 0.10 0.10122
158249 0.0 0.10 0.101166
160042 0.0 0.10 0.100928
153096 0.0 0.10 0.100919
167025 0.0 0.10 0.100836
191616 0.0 0.10 0.100751
152384 0.0 0.10 0.100695
177934 0.0 0.10 0.100594
185559 0.0 0.10 0.100564
189904 0.0 0.10 0.100284
188483 0.0 0.10 0.100283
177965 0.0 0.10 0.100152
162923 0.0 0.09 0.0999904
186507 0.0 0.09 0.0999815
195299 0.0 0.09 0.0998403
153769 0.0 0.09 0.0998209
140786 0.0 0.09 0.0997845
159490 0.0 0.09 0.0997589
155480 0.0 0.09 0.0997272
172121 0.0 0.09 0.0996805
175042 0.0 0.09 0.0996772
141448 0.0 0.09 0.0996563
161837 0.0 0.09 0.0995166
171555 0.0 0.09 0.0994368
156255 0.0 0.09 0.0993878
155017 0.0 0.09 0.0993595
175519 0.0 0.09 0.0993111
174059 0.0 0.09 0.0990779
174200 0.0 0.09 0.0990129
157058 0.0 0.09 0.0989381
139979 0.0 0.09 0.0989265
160203 0.0 0.09 0.0986244
162212 0.0 0.09 0.0986032
166448 0.0 0.09 0.0985859
191768 0.0 0.09 0.0984142
165019 0.0 0.09 0.0983009
168778 0.0 0.09 0.0982275
197041 0.0 0.09 0.0980832
153981 0.0 0.09 0.097802
157182 0.0 0.09 0.0977265
196191 0.0 0.09 0.0977175
152774 0.0 0.09 0.0976975
203421 0.0 0.09 0.097385
141610 0.0 0.09 0.0973765
149816 0.0 0.09 0.0972978
141262 0.0 0.09 0.0971717
158391 0.0 0.09 0.0971592
188635 1.0 0.90 0.09702
153420 0.0 0.09 0.0969198
176344 0.0 0.09 0.0968965
170773 0.0 0.09 0.0966783
161032 0.0 0.09 0.0963767
145881 0.0 0.09 0.0962101
146252 0.0 0.09 0.0960105
141407 1.0 0.90 0.095962
191781 0.0 0.09 0.0957297
164406 0.0 0.09 0.0955809
192370 0.0 0.09 0.0955766
191108 0.0 0.09 0.095503
139827 0.0 0.09 0.095049
142131 0.0 0.09 0.095011
158166 0.0 0.09 0.0947197
195351 0.0 0.09 0.0946721
178461 0.0 0.09 0.0946502
160691 0.0 0.09 0.0946003
166189 0.0 0.09 0.0945976
174233 0.0 0.09 0.0943581
187859 0.0 0.09 0.0940275
174999 0.0 0.09 0.0939011
187353 0.0 0.09 0.0935992
105270 0.0 0.09 0.0935052
179321 0.0 0.09 0.0934077
148434 0.0 0.09 0.0933286
103740 0.0 0.09 0.0932641
187304 0.0 0.09 0.0930814
127119 0.0 0.09 0.0930329
193042 0.0 0.09 0.0928653
158348 0.0 0.09 0.0927322
162151 0.0 0.09 0.0927097
184716 0.0 0.09 0.0925701
159036 0.0 0.09 0.092295
160629 1.0 0.90 0.092123
191473 0.0 0.09 0.0917642
147713 0.0 0.09 0.0917209
164152 0.0 0.09 0.0917162
171618 0.0 0.09 0.0917056
197164 0.0 0.09 0.0916068
157767 0.0 0.09 0.091236
177808 0.0 0.09 0.0912329
178360 0.0 0.09 0.0912217
167816 0.0 0.09 0.0910348
159544 0.0 0.09 0.0908585
183562 0.0 0.09 0.0907747
160708 0.0 0.09 0.090735
181532 0.0 0.09 0.0906557
159903 0.0 0.09 0.090585
174745 0.0 0.09 0.0904414
148939 0.0 0.09 0.0904326
118590 0.0 0.09 0.0900092
156914 0.0 0.08 0.089978
190866 0.0 0.08 0.0899592
186420 0.0 0.08 0.0899193
194441 0.0 0.08 0.0898032
162419 0.0 0.08 0.0897504
155518 0.0 0.08 0.089671
183518 0.0 0.08 0.0896619
153497 0.0 0.08 0.0895744
178419 0.0 0.08 0.0894389
143244 0.0 0.08 0.089336
151005 0.0 0.08 0.0893244
151212 0.0 0.08 0.0892329
158036 0.0 0.08 0.0892281
198025 0.0 0.08 0.0891905
162569 0.0 0.08 0.0891187
178400 0.0 0.08 0.0887515
134351 1.0 0.91 0.088496
141147 0.0 0.08 0.0884917
108227 1.0 0.91 0.088395
171095 0.0 0.08 0.0883227
188478 0.0 0.08 0.0882848
201917 0.0 0.08 0.0880168
169834 0.0 0.08 0.0878003
153591 1.0 0.91 0.087714
158386 0.0 0.08 0.0876354
197412 0.0 0.08 0.0875489
156557 0.0 0.08 0.0875418
177981 0.0 0.08 0.0874792
188902 0.0 0.08 0.0874592
183510 0.0 0.08 0.0872833
195148 0.0 0.08 0.0872292
148911 0.0 0.08 0.0870935
152608 0.0 0.08 0.0870592
192428 0.0 0.08 0.0869968
171617 0.0 0.08 0.0869167
139153 0.0 0.08 0.0865483
189474 0.0 0.08 0.0865036
173037 1.0 0.91 0.086431
196780 0.0 0.08 0.0861702
153173 0.0 0.08 0.0860867
148719 1.0 0.91 0.085773
167883 0.0 0.08 0.0857598
175550 0.0 0.08 0.0855414
168005 0.0 0.08 0.0854897
198846 0.0 0.08 0.0854733
108228 1.0 0.91 0.085343
152085 0.0 0.08 0.0851767
176729 0.0 0.08 0.0851692
180701 0.0 0.08 0.0851538
171136 0.0 0.08 0.0846444
184479 0.0 0.08 0.0845128
148596 0.0 0.08 0.0844979
179030 0.0 0.08 0.0844778
107994 0.0 0.08 0.0844541
183670 0.0 0.08 0.0843924
180772 0.0 0.08 0.0843898
144639 0.0 0.08 0.084111
192371 0.0 0.08 0.0839348
140967 0.0 0.08 0.0839118
160266 0.0 0.08 0.0838697
141225 0.0 0.08 0.0836683
158546 0.0 0.08 0.0833644
183270 0.0 0.08 0.0832721
154835 0.0 0.08 0.0830487
191856 0.0 0.08 0.0828468
157176 0.0 0.08 0.082742
202003 0.0 0.08 0.0825589
160594 0.0 0.08 0.0825146
144797 0.0 0.08 0.082443
188436 0.0 0.08 0.0822305
177112 0.0 0.08 0.0820771
151656 0.0 0.08 0.0820111
152230 0.0 0.08 0.0814937
197832 0.0 0.08 0.0814504
155360 0.0 0.08 0.081303
120379 0.0 0.08 0.0812277
195503 0.0 0.08 0.0810861
156054 0.0 0.08 0.0809797
194849 0.0 0.08 0.0808902
175527 0.0 0.08 0.0808779
198262 0.0 0.08 0.0806333
185288 0.0 0.08 0.0803934
192015 0.0 0.08 0.0803021
171682 0.0 0.08 0.0802089
198820 0.0 0.08 0.0800941
176433 0.0 0.08 0.0800848
155076 0.0 0.07 0.0799397
159296 1.0 0.92 0.079895
147240 0.0 0.07 0.0798783
160619 1.0 0.92 0.079729
188516 0.0 0.07 0.0796016
145597 0.0 0.07 0.0795808
172276 0.0 0.07 0.0794331
154179 0.0 0.07 0.0792871
185474 0.0 0.07 0.0792333
142031 0.0 0.07 0.0790291
164363 0.0 0.07 0.0787339
196469 0.0 0.07 0.0784592
178383 0.0 0.07 0.0782378
149733 0.0 0.07 0.078116
203345 0.0 0.07 0.0780677
190643 0.0 0.07 0.078012
162443 0.0 0.07 0.0778193
162958 0.0 0.07 0.0776487
95083 1.0 0.92 0.077592
171472 0.0 0.07 0.0775665
190582 0.0 0.07 0.0775506
110826 0.0 0.07 0.0775415
160315 0.0 0.07 0.0773545
127165 0.0 0.07 0.0772734
149318 0.0 0.07 0.0771067
173425 0.0 0.07 0.0769525
164136 0.0 0.07 0.0767534
162991 0.0 0.07 0.0767397
169418 0.0 0.07 0.0766865
178639 0.0 0.07 0.0765428
191433 0.0 0.07 0.0763884
174954 0.0 0.07 0.0761069
150749 0.0 0.07 0.0760344
153877 0.0 0.07 0.0759897
198608 0.0 0.07 0.0759339
114715 1.0 0.92 0.075359
186232 0.0 0.07 0.0750704
186449 0.0 0.07 0.0750378
141134 0.0 0.07 0.0749605
178216 0.0 0.07 0.0748331
178962 0.0 0.07 0.0746656
154621 0.0 0.07 0.074128
161758 0.0 0.07 0.0740947
188828 0.0 0.07 0.0739918
144499 0.0 0.07 0.0736759
164516 0.0 0.07 0.0736218
161576 0.0 0.07 0.0730998
153279 0.0 0.07 0.0727453
176725 0.0 0.07 0.0726856
187425 0.0 0.07 0.0725681
188912 0.0 0.07 0.0723649
170820 0.0 0.07 0.0722767
150265 0.0 0.07 0.0722032
198223 0.0 0.07 0.0721783
178893 0.0 0.07 0.0719875
176473 0.0 0.07 0.0719338
144538 0.0 0.07 0.0719033
183913 0.0 0.07 0.0716359
179323 0.0 0.07 0.0715051
186361 0.0 0.07 0.0712627
158568 0.0 0.07 0.0710917
165053 0.0 0.07 0.0706989
143780 0.0 0.07 0.0706861
161252 0.0 0.07 0.0705049
191261 0.0 0.07 0.0704151
185210 0.0 0.07 0.0704088
185175 0.0 0.07 0.0701828
186909 0.0 0.07 0.0700011
143670 0.0 0.06 0.0698065
181678 0.0 0.06 0.0697594
154625 0.0 0.06 0.069661
201315 0.0 0.06 0.0695491
107057 0.0 0.06 0.0694969
154341 0.0 0.06 0.0691109
178993 0.0 0.06 0.0690993
142886 0.0 0.06 0.0687852
144745 0.0 0.06 0.0686881
148910 0.0 0.06 0.0686874
165769 0.0 0.06 0.0684595
202109 0.0 0.06 0.0683414
194547 0.0 0.06 0.0683061
188019 0.0 0.06 0.0679498
198282 0.0 0.06 0.0677427
79047 1.0 0.93 0.067667
172703 0.0 0.06 0.0675523
190675 0.0 0.06 0.0673105
170184 0.0 0.06 0.0669742
147655 0.0 0.06 0.0668891
152864 0.0 0.06 0.066746
184520 0.0 0.06 0.0667456
154798 0.0 0.06 0.0667178
158539 0.0 0.06 0.0666335
160020 0.0 0.06 0.0665616
163357 0.0 0.06 0.0665437
182921 0.0 0.06 0.0663487
168340 0.0 0.06 0.0661155
154372 0.0 0.06 0.0658111
93393 1.0 0.93 0.06568
185569 0.0 0.06 0.0656342
162253 0.0 0.06 0.0656255
149089 0.0 0.06 0.0656188
174049 0.0 0.06 0.065325
154964 0.0 0.06 0.0649237
141136 0.0 0.06 0.0647037
192585 0.0 0.06 0.064129
145789 0.0 0.06 0.0641161
184549 0.0 0.06 0.0640307
199068 0.0 0.06 0.0636084
144802 0.0 0.06 0.0635273
174004 0.0 0.06 0.0635049
165429 0.0 0.06 0.0634779
160409 0.0 0.06 0.0629399
148988 0.0 0.06 0.0628434
172058 0.0 0.06 0.0624381
175533 0.0 0.06 0.0622561
201696 0.0 0.06 0.0621998
188427 0.0 0.06 0.0619003
155622 0.0 0.06 0.0615519
184570 0.0 0.06 0.0613946
201916 0.0 0.06 0.0612403
109218 1.0 0.93 0.061166
160792 0.0 0.06 0.0607025
178876 0.0 0.06 0.0605259
167984 0.0 0.06 0.0603109
176412 0.0 0.06 0.06027
177936 0.0 0.06 0.0602668
166382 0.0 0.06 0.0602018
148710 0.0 0.06 0.060095
167544 0.0 0.06 0.0600672
178651 0.0 0.05 0.0599519
200600 0.0 0.05 0.0597183
155400 0.0 0.05 0.0595785
150139 0.0 0.05 0.0592205
190428 0.0 0.05 0.0591806
163845 0.0 0.05 0.0591625
177377 0.0 0.05 0.0591544
189363 0.0 0.05 0.059041
201895 0.0 0.05 0.0589644
182953 0.0 0.05 0.0589145
162752 0.0 0.05 0.058904
142184 0.0 0.05 0.0588933
142735 0.0 0.05 0.0588364
194310 0.0 0.05 0.0585404
146165 0.0 0.05 0.0585256
165653 0.0 0.05 0.0584794
151269 0.0 0.05 0.0584186
179028 0.0 0.05 0.0582968
168761 0.0 0.05 0.0581842
189609 0.0 0.05 0.0580947
124663 0.0 0.05 0.0580049
198545 0.0 0.05 0.0578905
154719 0.0 0.05 0.0577461
147952 0.0 0.05 0.0576639
169970 0.0 0.05 0.0576385
173633 0.0 0.05 0.0574826
188633 0.0 0.05 0.0572878
179864 0.0 0.05 0.0571337
178003 0.0 0.05 0.0571231
155830 0.0 0.05 0.0570194
186709 0.0 0.05 0.0570191
151661 0.0 0.05 0.056943
186347 0.0 0.05 0.0567888
176274 0.0 0.05 0.0567706
198910 0.0 0.05 0.0566738
176386 0.0 0.05 0.0565995
158657 1.0 0.94 0.056181
146102 0.0 0.05 0.0560723
165050 0.0 0.05 0.0558853
198783 0.0 0.05 0.0558806
124605 0.0 0.05 0.0557951
172842 0.0 0.05 0.0557631
112459 1.0 0.94 0.055493
188709 0.0 0.05 0.0551817
194494 0.0 0.05 0.0550475
123972 1.0 0.94 0.054864
143424 0.0 0.05 0.0547628
167458 0.0 0.05 0.0547263
172920 0.0 0.05 0.0543955
165081 0.0 0.05 0.0542928
154851 0.0 0.05 0.0540825
160105 0.0 0.05 0.0540464
142042 0.0 0.05 0.0539864
172909 0.0 0.05 0.0539448
146804 0.0 0.05 0.0537837
161727 0.0 0.05 0.0536819
163661 0.0 0.05 0.0536412
185317 0.0 0.05 0.0533953
150693 0.0 0.05 0.0533936
190435 0.0 0.05 0.0530964
186945 0.0 0.05 0.0529859
171100 0.0 0.05 0.0529309
147635 0.0 0.05 0.0528014
141952 0.0 0.05 0.0526601
153452 0.0 0.05 0.0524831
170562 0.0 0.05 0.0522665
170297 0.0 0.05 0.0521819
194772 0.0 0.05 0.0520267
160780 0.0 0.05 0.051787
169420 0.0 0.05 0.0516043
189316 0.0 0.05 0.0509913
170521 0.0 0.05 0.0509653
173137 0.0 0.05 0.05091
143926 0.0 0.05 0.0507101
154047 0.0 0.05 0.0506216
165443 0.0 0.05 0.050575
177967 0.0 0.05 0.0504095
139933 0.0 0.05 0.0501178
198819 0.0 0.05 0.0501014
158913 0.0 0.04 0.0499937
199803 0.0 0.04 0.0498923
171355 0.0 0.04 0.0496524
142862 0.0 0.04 0.0493686
202680 0.0 0.04 0.0490694
158666 0.0 0.04 0.0489989
155739 0.0 0.04 0.0487678
152083 0.0 0.04 0.0487042
160620 1.0 0.95 0.048613
175526 0.0 0.04 0.0484299
183261 0.0 0.04 0.048382
165616 0.0 0.04 0.0482614
178302 0.0 0.04 0.0481007
147712 0.0 0.04 0.0480212
161247 0.0 0.04 0.0479569
150564 0.0 0.04 0.0478483
193028 0.0 0.04 0.047778
167462 0.0 0.04 0.0476494
142724 0.0 0.04 0.0472983
159561 0.0 0.04 0.0471418
196591 0.0 0.04 0.0471233
154394 0.0 0.04 0.046861
191596 0.0 0.04 0.0464762
160316 0.0 0.04 0.0464142
143061 0.0 0.04 0.0462247
199984 0.0 0.04 0.0461084
196043 0.0 0.04 0.045752
194050 0.0 0.04 0.0456873
128732 1.0 0.95 0.045455
154515 0.0 0.04 0.045333
159834 0.0 0.04 0.0453296
177680 0.0 0.04 0.0451794
124870 0.0 0.04 0.0451764
161011 0.0 0.04 0.0449681
198425 0.0 0.04 0.0449085
155691 1.0 0.95 0.044484
157436 0.0 0.04 0.044356
148815 0.0 0.04 0.0441192
183191 0.0 0.04 0.0438338
124946 0.0 0.04 0.0438259
169366 0.0 0.04 0.0437737
201317 0.0 0.04 0.0433857
152749 0.0 0.04 0.0431483
183316 1.0 0.95 0.043139
142962 0.0 0.04 0.0430747
168170 0.0 0.04 0.0429723
149461 0.0 0.04 0.042874
187334 0.0 0.04 0.0428194
162902 0.0 0.04 0.0424804
162559 0.0 0.04 0.0424555
142207 0.0 0.04 0.0424326
191484 0.0 0.04 0.0424119
141366 0.0 0.04 0.0423478
188766 0.0 0.04 0.0421002
170525 0.0 0.04 0.0420996
189562 0.0 0.04 0.0420838
165684 0.0 0.04 0.041851
157746 0.0 0.04 0.0416462
158941 0.0 0.04 0.0415492
160374 0.0 0.04 0.0414102
180253 0.0 0.04 0.0413768
196781 0.0 0.04 0.0412586
126146 0.0 0.04 0.041247
168805 0.0 0.04 0.0412291
192375 0.0 0.04 0.0411579
160574 0.0 0.04 0.0403609
186563 0.0 0.04 0.0403533
170432 0.0 0.04 0.0401647
182913 0.0 0.04 0.0401409
166077 0.0 0.04 0.0401381
176132 0.0 0.04 0.0400772
175207 0.0 0.03 0.0395347
144023 1.0 0.96 0.039493
169566 0.0 0.03 0.0393903
147095 0.0 0.03 0.0393002
195798 0.0 0.03 0.0392927
152692 0.0 0.03 0.0392842
142960 0.0 0.03 0.0392017
189918 0.0 0.03 0.0391297
165934 0.0 0.03 0.0390162
171349 0.0 0.03 0.0389549
172458 0.0 0.03 0.0389519
165006 0.0 0.03 0.0381823
149467 0.0 0.03 0.0380835
162715 0.0 0.03 0.038048
164301 0.0 0.03 0.037821
169836 0.0 0.03 0.0376983
109628 1.0 0.96 0.037668
173273 0.0 0.03 0.0373886
164116 0.0 0.03 0.0373703
163788 0.0 0.03 0.0370526
141940 0.0 0.03 0.0370513
201194 0.0 0.03 0.0367452
155475 0.0 0.03 0.0365851
190651 0.0 0.03 0.0364007
193011 0.0 0.03 0.0363509
200207 0.0 0.03 0.0362404
150695 0.0 0.03 0.0359696
144343 1.0 0.96 0.035912
188458 0.0 0.03 0.035871
202360 0.0 0.03 0.0357877
149329 0.0 0.03 0.0355151
169823 0.0 0.03 0.0352137
184595 0.0 0.03 0.0350472
142096 0.0 0.03 0.0350112
161793 0.0 0.03 0.0349852
184772 0.0 0.03 0.034985
178964 0.0 0.03 0.0342755
145999 0.0 0.03 0.034153
163389 0.0 0.03 0.0340792
147681 0.0 0.03 0.0339373
174193 0.0 0.03 0.0339106
183806 0.0 0.03 0.0338447
182771 0.0 0.03 0.033836
152915 0.0 0.03 0.033819
167245 0.0 0.03 0.0337191
155325 0.0 0.03 0.0324349
191919 0.0 0.03 0.0324179
148519 0.0 0.03 0.0322481
158488 0.0 0.03 0.0322387
186925 0.0 0.03 0.0321166
188821 0.0 0.03 0.0319284
179007 0.0 0.03 0.0318236
160311 0.0 0.03 0.0309843
166577 1.0 0.96 0.030941
149614 0.0 0.03 0.0309313
182869 0.0 0.03 0.0307983
165073 0.0 0.03 0.0305593
158233 0.0 0.03 0.0304131
172142 0.0 0.03 0.0301855
173470 0.0 0.03 0.0301514
191554 0.0 0.03 0.0301186
161311 0.0 0.03 0.0301114
169898 0.0 0.03 0.0300357
146034 0.0 0.02 0.0298325
155394 0.0 0.02 0.0295771
147034 0.0 0.02 0.0295326
140274 0.0 0.02 0.0294253
169891 0.0 0.02 0.0293471
165427 0.0 0.02 0.0291034
200539 0.0 0.02 0.0290054
167894 0.0 0.02 0.0286255
186175 0.0 0.02 0.0284626
174210 0.0 0.02 0.0280707
131545 0.0 0.02 0.0277666
140404 0.0 0.02 0.0276572
148828 0.0 0.02 0.0275144
190913 0.0 0.02 0.027107
142201 0.0 0.02 0.0266178
189345 0.0 0.02 0.0266088
141325 0.0 0.02 0.026391
151966 0.0 0.02 0.0263507
178587 0.0 0.02 0.0261062
183654 0.0 0.02 0.0259654
149652 0.0 0.02 0.0256799
195145 0.0 0.02 0.0255275
171589 0.0 0.02 0.0254427
168858 0.0 0.02 0.0254424
178243 0.0 0.02 0.0253148
164210 0.0 0.02 0.0248789
174755 0.0 0.02 0.0248056
198129 0.0 0.02 0.0245701
175166 0.0 0.02 0.0245399
153957 0.0 0.02 0.0244636
184574 0.0 0.02 0.024332
164112 0.0 0.02 0.0242815
140903 0.0 0.02 0.0242255
139699 0.0 0.02 0.0240232
191575 0.0 0.02 0.0239035
176537 0.0 0.02 0.0235783
187001 0.0 0.02 0.0234977
169596 0.0 0.02 0.0234311
183236 0.0 0.02 0.0233175
173021 0.0 0.02 0.0232617
146756 0.0 0.02 0.02298
154739 0.0 0.02 0.0229539
153228 0.0 0.02 0.0227886
124687 0.0 0.02 0.0226657
131568 0.0 0.02 0.0223876
152688 0.0 0.02 0.0223478
152460 0.0 0.02 0.0223031
168283 0.0 0.02 0.0221875
172954 0.0 0.02 0.0217697
174153 0.0 0.02 0.0214803
160270 0.0 0.02 0.0213333
178834 0.0 0.02 0.0212971
151194 0.0 0.02 0.0209412
142208 0.0 0.02 0.0209169
131208 0.0 0.02 0.020738
191247 0.0 0.02 0.0202915
185186 0.0 0.02 0.0202592
141751 0.0 0.02 0.0202171
182112 0.0 0.01 0.0196183
171413 0.0 0.01 0.0193723
194783 0.0 0.01 0.019016
158846 0.0 0.01 0.0189702
158504 0.0 0.01 0.0188751
152792 0.0 0.01 0.0185562
145216 0.0 0.01 0.018546
146746 0.0 0.01 0.017931
193497 0.0 0.01 0.0178421
154900 0.0 0.01 0.0178315
168239 0.0 0.01 0.0176993
160917 0.0 0.01 0.0171656
154425 0.0 0.01 0.0170603
140676 0.0 0.01 0.0163404
142974 0.0 0.01 0.0163141
169598 0.0 0.01 0.0163027
168788 0.0 0.01 0.0158466
182535 0.0 0.01 0.0154403
198798 0.0 0.01 0.015326
176693 0.0 0.01 0.0146236
150145 0.0 0.01 0.0144884
153114 0.0 0.01 0.0144454
170988 0.0 0.01 0.0143223
169636 0.0 0.01 0.0141801
153305 0.0 0.01 0.0141778
124886 0.0 0.01 0.0139969
160511 0.0 0.01 0.0139546
157644 0.0 0.01 0.0138372
167076 0.0 0.01 0.0138251
165029 0.0 0.01 0.0134927
198796 0.0 0.01 0.0128734
168243 0.0 0.01 0.0128157
145788 0.0 0.01 0.0127814
151657 0.0 0.01 0.0126147
161848 0.0 0.01 0.0123624
148447 0.0 0.01 0.0118299
161319 0.0 0.01 0.0117876
143397 0.0 0.01 0.0116729
193012 0.0 0.01 0.011614
170565 0.0 0.01 0.0116014
187470 0.0 0.01 0.011221
173997 0.0 0.01 0.0111515
160375 0.0 0.01 0.0108369
175354 0.0 0.01 0.0106832
180049 0.0 0.01 0.0106363
160380 0.0 0.01 0.0103126
169413 0.0 0.00 0.00995425
196940 0.0 0.00 0.00975887
182539 0.0 0.00 0.00957065
141898 0.0 0.00 0.00916106
166843 0.0 0.00 0.00887758
190986 0.0 0.00 0.00877574
160116 0.0 0.00 0.00872896
168159 0.0 0.00 0.00871197
172594 0.0 0.00 0.00867977
143059 0.0 0.00 0.0083357
187714 0.0 0.00 0.00828829
155636 0.0 0.00 0.00747579
177389 0.0 0.00 0.00745462
191239 0.0 0.00 0.00732554
141639 0.0 0.00 0.00716061
177657 0.0 0.00 0.00674504
170726 0.0 0.00 0.00638659
178069 0.0 0.00 0.00592418
146235 0.0 0.00 0.00518927
187437 0.0 0.00 0.00474336
166327 0.0 0.00 0.00446806
177571 0.0 0.00 0.00436942
174563 0.0 0.00 0.00290266
