104927
108368
108726
108856
110199
113351
115533
119865
120738
120909
121210
121893
122154
122990
123475
123823
124034
125387
125536
126266
128145
129673
129953
132852
134437
134796
137342
138433
139176
139302
141672
142766
142980
144049
144182
144206
144287
147072
148441
148717
150795
152326
152389
152991
153748
155596
155718
156445
156546
157972
159279
162647
166347
169303
169417
173349
179127
179139
185173
186404
187176
187291
188081
189906
189916
191387
193452
193471
195135
195538
196017
196628
196958
197504
198165
198259
198685
200527
201073
201153
201981
93044
95787
96520
96944
