155840 0.0 0.00 0.00231133
146514 0.0 0.00 0.0039217
93155 0.0 0.00 0.00732096
191129 0.0 0.00 0.00735541
152205 0.0 0.00 0.00957686
158579 0.0 0.01 0.0128315
143024 0.0 0.01 0.0132899
170451 0.0 0.01 0.0143038
167518 0.0 0.01 0.014944
152708 0.0 0.01 0.0154813
166087 0.0 0.01 0.0161586
151162 0.0 0.01 0.0172884
144883 0.0 0.01 0.0192056
108575 0.0 0.01 0.0198079
161551 0.0 0.02 0.0207063
184479 0.0 0.02 0.0207457
181166 0.0 0.02 0.0220333
108851 0.0 0.02 0.022337
185200 0.0 0.02 0.0253309
148407 0.0 0.02 0.0256612
174048 0.0 0.02 0.0271032
198612 0.0 0.02 0.0272602
194595 0.0 0.02 0.0274844
169153 0.0 0.02 0.0275292
153245 0.0 0.02 0.0280987
189916 0.0 0.02 0.028401
188172 0.0 0.02 0.0285776
189337 0.0 0.02 0.0290737
154776 0.0 0.02 0.0296088
191599 0.0 0.03 0.0302575
171623 0.0 0.03 0.0307439
166966 0.0 0.03 0.0313642
142877 0.0 0.03 0.031684
189678 0.0 0.03 0.0340965
184744 0.0 0.03 0.0345509
169468 0.0 0.03 0.034592
167913 0.0 0.03 0.034967
191508 0.0 0.03 0.0352159
183418 0.0 0.03 0.0352713
177918 0.0 0.03 0.0362612
153756 0.0 0.03 0.0365349
182536 0.0 0.03 0.0370751
142921 0.0 0.03 0.038956
189420 0.0 0.03 0.0390209
166579 0.0 0.03 0.0397722
159459 0.0 0.04 0.0401731
150949 0.0 0.04 0.0416049
188746 0.0 0.04 0.042134
146856 0.0 0.04 0.0422865
158653 0.0 0.04 0.0426989
168134 0.0 0.04 0.0428561
156339 0.0 0.04 0.0429692
177619 0.0 0.04 0.043449
157426 0.0 0.04 0.0437421
115858 0.0 0.04 0.0442242
174876 0.0 0.04 0.044527
198028 0.0 0.04 0.0450404
191940 0.0 0.04 0.0461341
140791 0.0 0.04 0.046378
192176 0.0 0.04 0.0465318
183093 0.0 0.04 0.046918
163921 0.0 0.05 0.0506696
185053 0.0 0.05 0.0509337
169596 0.0 0.05 0.052188
170336 0.0 0.05 0.0530906
164120 0.0 0.05 0.0543168
182214 0.0 0.05 0.0544195
178101 0.0 0.05 0.0548186
187275 0.0 0.05 0.0549747
144334 0.0 0.05 0.0552346
103932 0.0 0.05 0.0554258
140796 0.0 0.05 0.0565808
138260 0.0 0.05 0.0574868
199006 0.0 0.05 0.0580144
191931 0.0 0.05 0.0581986
182631 0.0 0.05 0.0582051
125885 0.0 0.05 0.0582474
189098 0.0 0.05 0.0583632
143297 0.0 0.05 0.058393
189511 0.0 0.06 0.060333
192438 0.0 0.06 0.0603982
185975 0.0 0.06 0.0611038
148611 0.0 0.06 0.0618834
203210 0.0 0.06 0.061887
172179 0.0 0.06 0.0621424
169231 0.0 0.06 0.0622525
157123 0.0 0.06 0.0629434
164075 0.0 0.06 0.063025
193122 0.0 0.06 0.0632758
184651 0.0 0.06 0.0635167
179181 0.0 0.06 0.0638273
166361 0.0 0.06 0.0638293
195487 0.0 0.06 0.0641985
153762 0.0 0.06 0.0644667
177175 0.0 0.06 0.0646827
186557 0.0 0.06 0.064984
164027 0.0 0.06 0.0650411
165276 0.0 0.06 0.0657056
174468 0.0 0.06 0.0663103
163340 0.0 0.06 0.0664797
193340 0.0 0.06 0.0666684
142970 0.0 0.06 0.0673531
201382 0.0 0.06 0.0689459
168530 0.0 0.06 0.069222
169130 0.0 0.07 0.0703943
130549 0.0 0.07 0.0705525
197643 0.0 0.07 0.0706851
147213 0.0 0.07 0.0709278
178243 0.0 0.07 0.0711527
153962 0.0 0.07 0.0714889
172582 0.0 0.07 0.0721831
123103 0.0 0.07 0.0724196
187287 0.0 0.07 0.0724355
197176 0.0 0.07 0.0738574
187885 0.0 0.07 0.0740979
187562 0.0 0.07 0.0743329
191862 0.0 0.07 0.0752165
202328 0.0 0.07 0.0759813
176806 0.0 0.07 0.0776395
173357 0.0 0.07 0.0791192
185244 0.0 0.07 0.0797852
168160 0.0 0.08 0.0804878
168341 0.0 0.08 0.0807538
178915 0.0 0.08 0.0819152
150674 0.0 0.08 0.0824125
164128 0.0 0.08 0.0828961
148215 0.0 0.08 0.0841486
167480 0.0 0.08 0.0850293
163113 0.0 0.08 0.0853453
175243 0.0 0.08 0.0861522
176429 0.0 0.08 0.0869271
173133 0.0 0.08 0.0876354
105020 0.0 0.08 0.0877322
164382 0.0 0.08 0.0882559
174312 0.0 0.08 0.0884724
166754 0.0 0.08 0.0884781
175953 0.0 0.08 0.0890445
169200 0.0 0.09 0.0904737
105154 0.0 0.09 0.0906268
167148 0.0 0.09 0.0910511
177148 0.0 0.09 0.0920478
110558 0.0 0.09 0.0925581
184671 0.0 0.09 0.092579
140959 0.0 0.09 0.0926306
160035 0.0 0.09 0.0927987
173920 0.0 0.09 0.0930413
146387 0.0 0.09 0.0934896
159821 0.0 0.09 0.0959767
154848 0.0 0.09 0.0966603
191546 0.0 0.09 0.0970296
180556 0.0 0.09 0.0971205
113284 0.0 0.09 0.0974498
178323 0.0 0.09 0.0974687
173356 0.0 0.09 0.0980452
150875 0.0 0.09 0.0983586
146782 0.0 0.09 0.0991355
160975 0.0 0.09 0.0992745
181003 0.0 0.09 0.0993654
185354 0.0 0.09 0.099438
168216 0.0 0.09 0.0994851
199278 0.0 0.09 0.0997873
173587 0.0 0.09 0.0998367
156346 0.0 0.10 0.100029
197527 0.0 0.10 0.10098
146304 0.0 0.10 0.101787
178169 0.0 0.10 0.101844
176785 0.0 0.10 0.102045
141203 0.0 0.10 0.102268
184485 0.0 0.10 0.104369
145791 0.0 0.10 0.105455
177458 0.0 0.10 0.106562
127244 1.0 0.89 0.106665
158713 0.0 0.10 0.106988
161689 0.0 0.10 0.107166
201705 0.0 0.10 0.107195
196238 0.0 0.10 0.107424
138364 0.0 0.10 0.107522
151675 0.0 0.10 0.109395
174662 0.0 0.10 0.109469
144294 0.0 0.11 0.110289
155235 0.0 0.11 0.110716
146217 0.0 0.11 0.110923
188192 0.0 0.11 0.11132
164930 0.0 0.11 0.111767
169079 0.0 0.11 0.111775
182918 0.0 0.11 0.112155
182509 0.0 0.11 0.112792
188440 0.0 0.11 0.113243
144773 0.0 0.11 0.114764
194689 0.0 0.11 0.115246
157109 0.0 0.11 0.115877
147051 0.0 0.11 0.11641
157632 0.0 0.11 0.116763
151040 0.0 0.11 0.117014
171708 0.0 0.11 0.117066
182955 0.0 0.11 0.118961
191228 0.0 0.11 0.119947
194050 0.0 0.12 0.122433
182927 0.0 0.12 0.122736
196145 0.0 0.12 0.123142
169968 0.0 0.12 0.125069
164801 0.0 0.12 0.125945
179340 0.0 0.12 0.126086
165635 0.0 0.12 0.127443
137076 0.0 0.12 0.127577
152823 0.0 0.12 0.127652
203356 0.0 0.12 0.128053
129113 0.0 0.12 0.128552
158121 0.0 0.12 0.128759
127502 1.0 0.87 0.12884
181471 0.0 0.12 0.129931
179364 0.0 0.13 0.13027
184435 0.0 0.13 0.130752
155308 0.0 0.13 0.131187
196960 0.0 0.13 0.131893
199870 0.0 0.13 0.132033
121079 0.0 0.13 0.132844
181326 0.0 0.13 0.134218
182669 0.0 0.13 0.134407
164083 0.0 0.13 0.135773
146507 0.0 0.13 0.135928
156072 0.0 0.13 0.136156
155670 0.0 0.13 0.136607
192572 0.0 0.13 0.137294
148858 0.0 0.13 0.137653
174401 0.0 0.13 0.13781
168230 0.0 0.13 0.138532
165610 0.0 0.13 0.139499
188591 0.0 0.14 0.14002
186120 0.0 0.14 0.140066
144471 0.0 0.14 0.140957
202410 0.0 0.14 0.141804
203419 0.0 0.14 0.142731
178575 0.0 0.14 0.143232
189954 0.0 0.14 0.144787
182177 0.0 0.14 0.144835
170085 0.0 0.14 0.145547
172191 0.0 0.14 0.146189
191415 0.0 0.14 0.146283
162746 0.0 0.14 0.146738
191062 0.0 0.14 0.147105
167785 0.0 0.14 0.147328
183132 0.0 0.14 0.149191
153442 0.0 0.15 0.150083
164642 0.0 0.15 0.150716
172183 0.0 0.15 0.151332
161196 0.0 0.15 0.152905
188827 0.0 0.15 0.152921
200093 0.0 0.15 0.155127
153895 0.0 0.15 0.155226
151914 0.0 0.15 0.155287
157972 0.0 0.15 0.155317
202385 0.0 0.15 0.155746
183232 0.0 0.15 0.156929
202839 0.0 0.15 0.157714
164893 0.0 0.15 0.158205
194760 0.0 0.15 0.158295
148006 0.0 0.15 0.158508
140553 0.0 0.15 0.158831
196038 0.0 0.15 0.159156
188898 0.0 0.15 0.159581
173266 0.0 0.15 0.159893
190040 0.0 0.16 0.16012
166615 0.0 0.16 0.160201
179313 0.0 0.16 0.161077
196818 0.0 0.16 0.162853
186372 0.0 0.16 0.1631
116809 0.0 0.16 0.164861
128021 1.0 0.83 0.165068
119165 0.0 0.16 0.166438
149440 0.0 0.16 0.166891
180092 0.0 0.16 0.166909
153454 0.0 0.16 0.16911
107919 0.0 0.17 0.170232
195302 0.0 0.17 0.170479
173426 0.0 0.17 0.172179
165681 0.0 0.17 0.175348
173118 0.0 0.17 0.175463
183727 0.0 0.17 0.175994
160773 0.0 0.17 0.176947
194851 0.0 0.17 0.177973
182990 0.0 0.17 0.17899
144971 0.0 0.17 0.179197
201826 0.0 0.17 0.179683
156708 0.0 0.18 0.180554
132921 1.0 0.81 0.180892
136821 1.0 0.81 0.181024
190877 0.0 0.18 0.181381
178684 0.0 0.18 0.181518
152226 1.0 0.81 0.181915
181037 0.0 0.18 0.182001
197184 0.0 0.18 0.182261
181636 0.0 0.18 0.182491
173564 0.0 0.18 0.182806
163489 0.0 0.18 0.183328
172640 0.0 0.18 0.18459
178389 0.0 0.18 0.184598
198300 0.0 0.18 0.185485
160046 1.0 0.81 0.185604
156566 0.0 0.18 0.1859
172587 0.0 0.18 0.186153
149481 0.0 0.18 0.186444
121435 0.0 0.18 0.187475
139900 0.0 0.18 0.187872
149509 0.0 0.18 0.187999
130009 0.0 0.18 0.188193
141498 0.0 0.18 0.188676
119682 0.0 0.19 0.192162
195695 0.0 0.19 0.193053
150198 1.0 0.80 0.193495
155259 0.0 0.19 0.195778
188320 0.0 0.19 0.196755
166399 0.0 0.19 0.197051
165410 0.0 0.19 0.198013
187411 0.0 0.19 0.198276
150028 0.0 0.19 0.19938
160012 0.0 0.19 0.199796
158908 0.0 0.20 0.201273
173514 0.0 0.20 0.201549
121463 0.0 0.20 0.201822
132561 1.0 0.79 0.202511
199731 0.0 0.20 0.202747
153699 0.0 0.20 0.203828
155908 0.0 0.20 0.204688
141751 0.0 0.20 0.204808
186544 0.0 0.20 0.205082
174789 0.0 0.20 0.205089
146807 0.0 0.20 0.205293
148440 0.0 0.20 0.207569
145272 0.0 0.20 0.20809
118200 0.0 0.20 0.209329
186538 0.0 0.20 0.209723
170402 0.0 0.21 0.212205
157333 0.0 0.21 0.212937
144449 1.0 0.78 0.213522
142428 0.0 0.21 0.215423
162380 0.0 0.21 0.215459
200983 0.0 0.21 0.215735
203195 0.0 0.21 0.216379
157392 0.0 0.21 0.216571
160610 0.0 0.21 0.217901
196536 0.0 0.21 0.219112
197468 0.0 0.21 0.219461
140516 0.0 0.21 0.219769
173488 0.0 0.22 0.220698
200752 0.0 0.22 0.221835
169526 0.0 0.22 0.22212
140675 0.0 0.22 0.223054
167951 0.0 0.22 0.223069
178985 0.0 0.22 0.223546
155506 0.0 0.22 0.223803
149998 0.0 0.22 0.225142
161166 0.0 0.22 0.225416
138968 1.0 0.77 0.225599
152223 0.0 0.22 0.226135
153070 0.0 0.22 0.226628
157560 1.0 0.77 0.22694
165729 0.0 0.22 0.227029
199925 0.0 0.22 0.228198
181203 0.0 0.22 0.229533
180506 0.0 0.22 0.229535
166905 0.0 0.23 0.230864
150675 0.0 0.23 0.231745
114710 0.0 0.23 0.232324
178572 0.0 0.23 0.232528
183914 0.0 0.23 0.233071
200863 0.0 0.23 0.233108
193023 0.0 0.23 0.233955
182548 0.0 0.23 0.234371
141928 0.0 0.23 0.235503
165286 0.0 0.23 0.235817
177226 1.0 0.76 0.236964
132693 1.0 0.76 0.236987
121204 0.0 0.23 0.238519
155186 0.0 0.23 0.238779
187485 0.0 0.23 0.239548
179958 0.0 0.24 0.24126
167503 0.0 0.24 0.241727
142425 1.0 0.75 0.241787
170535 0.0 0.24 0.242107
119397 0.0 0.24 0.243099
193016 0.0 0.24 0.244282
148751 0.0 0.24 0.244639
160315 0.0 0.24 0.244794
117483 0.0 0.24 0.245421
142552 0.0 0.24 0.246321
172487 0.0 0.24 0.246809
175410 0.0 0.24 0.247839
177599 0.0 0.24 0.248124
182664 0.0 0.24 0.24855
186862 0.0 0.24 0.248666
162770 0.0 0.24 0.249815
139158 1.0 0.74 0.25089
116804 0.0 0.25 0.250995
179962 0.0 0.25 0.251103
193605 0.0 0.25 0.251182
132075 0.0 0.25 0.252336
192415 0.0 0.25 0.252342
131768 0.0 0.25 0.252529
193613 0.0 0.25 0.25292
162348 0.0 0.25 0.2538
186486 0.0 0.25 0.254172
167924 0.0 0.25 0.254607
189756 0.0 0.25 0.255452
118004 1.0 0.74 0.256054
158539 0.0 0.25 0.256857
145803 0.0 0.25 0.257779
185925 0.0 0.25 0.258135
118197 0.0 0.25 0.258974
178018 0.0 0.25 0.259309
142454 0.0 0.25 0.259662
180388 0.0 0.25 0.259817
198978 0.0 0.26 0.260124
151575 0.0 0.26 0.262227
160782 0.0 0.26 0.263704
145941 0.0 0.26 0.2655
173328 0.0 0.26 0.266657
179186 0.0 0.26 0.266871
189073 0.0 0.26 0.268426
161511 0.0 0.26 0.268973
132547 1.0 0.72 0.270579
119029 0.0 0.27 0.270633
160474 0.0 0.27 0.271037
165961 0.0 0.27 0.271359
123367 1.0 0.72 0.27141
160377 0.0 0.27 0.272373
163798 0.0 0.27 0.272482
152177 0.0 0.27 0.273546
184774 0.0 0.27 0.275481
148420 0.0 0.27 0.27597
167191 0.0 0.27 0.276664
143575 0.0 0.27 0.277036
180638 0.0 0.27 0.277858
178543 0.0 0.27 0.278
143882 0.0 0.27 0.278785
183117 0.0 0.27 0.279062
127184 0.0 0.27 0.279341
155626 0.0 0.28 0.280183
121662 1.0 0.71 0.28062
158777 0.0 0.28 0.282291
185525 0.0 0.28 0.282374
164301 0.0 0.28 0.282471
147285 0.0 0.28 0.282636
120641 1.0 0.71 0.282868
148531 1.0 0.71 0.284923
162571 0.0 0.28 0.286806
138604 1.0 0.71 0.286816
171185 0.0 0.28 0.287595
118096 0.0 0.28 0.287692
143054 0.0 0.28 0.288995
121740 1.0 0.71 0.289474
175203 0.0 0.28 0.289572
199746 0.0 0.28 0.28981
149542 0.0 0.29 0.291272
115893 1.0 0.70 0.292226
119875 0.0 0.29 0.294095
164886 0.0 0.29 0.294305
188570 0.0 0.29 0.295507
202142 1.0 0.70 0.296064
125585 1.0 0.70 0.297457
155270 0.0 0.29 0.298705
141536 0.0 0.29 0.299143
174362 0.0 0.30 0.300032
202769 1.0 0.69 0.30116
159599 0.0 0.30 0.301361
187383 0.0 0.30 0.301612
165557 0.0 0.30 0.302026
126052 0.0 0.30 0.30714
153032 0.0 0.30 0.308193
174460 0.0 0.30 0.30829
160322 0.0 0.31 0.311313
159942 0.0 0.31 0.312214
154908 0.0 0.31 0.314973
156664 0.0 0.31 0.315307
176934 0.0 0.31 0.315465
188919 0.0 0.31 0.316626
169072 0.0 0.31 0.31693
173114 0.0 0.31 0.316989
182972 0.0 0.31 0.317823
188282 0.0 0.31 0.317941
133062 1.0 0.68 0.318325
160513 0.0 0.31 0.319913
192069 0.0 0.32 0.32011
157839 0.0 0.32 0.321254
156298 0.0 0.32 0.321665
155347 0.0 0.32 0.321781
176988 0.0 0.32 0.322078
140447 0.0 0.32 0.322485
177630 0.0 0.32 0.323372
188211 0.0 0.32 0.32339
143692 0.0 0.32 0.323916
200566 0.0 0.32 0.324145
166312 0.0 0.32 0.324464
147996 1.0 0.67 0.326578
118196 0.0 0.32 0.327395
199945 0.0 0.32 0.328429
151591 1.0 0.67 0.328993
198516 0.0 0.32 0.329646
181787 0.0 0.33 0.330134
170335 0.0 0.33 0.331442
118782 0.0 0.33 0.332649
174892 0.0 0.33 0.333672
193588 0.0 0.33 0.333749
126498 0.0 0.33 0.335878
151469 1.0 0.66 0.337149
160081 1.0 0.66 0.337395
162599 0.0 0.33 0.338475
188372 0.0 0.33 0.338622
124894 0.0 0.33 0.339565
189365 0.0 0.33 0.33967
193557 0.0 0.34 0.34003
158045 0.0 0.34 0.341677
156579 0.0 0.34 0.345006
160382 0.0 0.34 0.345072
151032 0.0 0.34 0.345439
156208 0.0 0.34 0.345469
182758 0.0 0.34 0.34602
191863 0.0 0.34 0.3475
178925 0.0 0.34 0.348401
180021 1.0 0.65 0.349349
185353 0.0 0.34 0.349567
137599 0.0 0.35 0.350518
132930 1.0 0.64 0.351911
123863 0.0 0.35 0.352582
145945 0.0 0.35 0.35418
201394 0.0 0.35 0.354833
148533 1.0 0.64 0.355161
200831 0.0 0.35 0.356139
194800 0.0 0.35 0.356614
159930 0.0 0.35 0.356641
120635 1.0 0.64 0.356881
199334 1.0 0.64 0.357544
158774 0.0 0.36 0.360032
181523 0.0 0.36 0.362954
148170 0.0 0.36 0.364
172250 0.0 0.36 0.364732
153586 0.0 0.36 0.366724
179927 0.0 0.36 0.368219
134856 0.0 0.36 0.368798
165214 0.0 0.36 0.369163
148058 0.0 0.36 0.369705
190561 0.0 0.36 0.36999
198168 0.0 0.37 0.372436
153908 0.0 0.37 0.372863
173596 0.0 0.37 0.373542
124814 0.0 0.37 0.373695
181404 1.0 0.62 0.374529
140388 0.0 0.37 0.374784
165874 0.0 0.37 0.378117
149708 0.0 0.38 0.380012
160107 1.0 0.61 0.380961
166533 0.0 0.38 0.380991
107907 0.0 0.38 0.382994
153727 0.0 0.38 0.38324
124124 0.0 0.38 0.383625
136891 1.0 0.61 0.383884
158541 0.0 0.38 0.384325
200857 0.0 0.38 0.384415
176218 0.0 0.38 0.384433
153185 0.0 0.38 0.385157
133067 1.0 0.61 0.385579
187184 0.0 0.38 0.387391
143105 0.0 0.38 0.387784
162530 0.0 0.38 0.388801
120534 1.0 0.61 0.38892
140422 0.0 0.38 0.389458
159508 0.0 0.39 0.390051
162636 0.0 0.39 0.391356
153878 0.0 0.39 0.392221
190471 0.0 0.39 0.393093
176455 0.0 0.39 0.394928
119956 1.0 0.60 0.39846
126738 0.0 0.39 0.399839
186892 0.0 0.40 0.401119
190759 0.0 0.40 0.401156
174895 0.0 0.40 0.403397
187308 0.0 0.40 0.403797
201045 0.0 0.40 0.404518
194955 0.0 0.40 0.405648
155629 0.0 0.40 0.406762
150324 1.0 0.59 0.407584
155245 0.0 0.40 0.408482
166675 0.0 0.40 0.409478
128132 1.0 0.59 0.409557
193048 0.0 0.41 0.412443
151388 0.0 0.41 0.413686
188948 0.0 0.41 0.41422
123204 1.0 0.58 0.415486
157089 1.0 0.58 0.417276
185382 0.0 0.41 0.419505
126100 1.0 0.57 0.420027
199090 0.0 0.42 0.420451
201182 0.0 0.42 0.421346
118698 0.0 0.42 0.422886
104068 0.0 0.42 0.423025
197635 0.0 0.42 0.423331
198313 0.0 0.42 0.425088
149467 0.0 0.42 0.426077
143262 0.0 0.42 0.426875
177347 0.0 0.42 0.428219
159745 0.0 0.42 0.42834
196393 0.0 0.42 0.428381
148128 0.0 0.42 0.429436
174723 0.0 0.43 0.431698
172232 0.0 0.43 0.431839
174727 0.0 0.43 0.434202
123699 1.0 0.56 0.434584
151771 0.0 0.43 0.435732
138924 0.0 0.43 0.439525
167350 0.0 0.43 0.439807
158472 0.0 0.43 0.439826
158606 0.0 0.44 0.44029
146771 0.0 0.44 0.443636
195393 0.0 0.44 0.444591
198873 0.0 0.44 0.444968
198427 1.0 0.55 0.445652
142841 0.0 0.44 0.445803
144722 0.0 0.44 0.448923
149515 0.0 0.45 0.450436
142373 1.0 0.54 0.450814
140414 0.0 0.45 0.451435
138235 0.0 0.45 0.452004
167385 0.0 0.45 0.452304
189794 0.0 0.45 0.453776
129685 0.0 0.45 0.454732
198593 0.0 0.45 0.45921
170582 0.0 0.46 0.461612
139272 0.0 0.46 0.461879
151902 1.0 0.53 0.463985
121489 0.0 0.46 0.465751
154206 0.0 0.46 0.466214
165728 0.0 0.46 0.466802
153228 0.0 0.46 0.46747
159928 0.0 0.46 0.46941
198887 0.0 0.46 0.469899
169733 0.0 0.47 0.470087
156518 0.0 0.47 0.471377
173808 1.0 0.52 0.471817
134196 0.0 0.47 0.477
121255 1.0 0.52 0.477884
157006 0.0 0.47 0.478697
173555 0.0 0.47 0.479484
160055 1.0 0.51 0.480192
146786 0.0 0.48 0.480967
183973 0.0 0.48 0.481333
123778 0.0 0.48 0.483692
134351 0.0 0.48 0.484205
182826 0.0 0.48 0.484311
138016 0.0 0.48 0.486783
144422 0.0 0.48 0.487318
139160 0.0 0.49 0.491326
153484 0.0 0.49 0.491493
118097 0.0 0.49 0.493007
173293 0.0 0.49 0.493262
146785 0.0 0.49 0.493918
139431 1.0 0.50 0.49577
123787 1.0 0.50 0.496957
196830 0.0 0.49 0.497986
111484 0.0 0.49 0.498569
142363 1.0 0.49 0.500766
174400 0.0 0.50 0.50188
143248 0.0 0.50 0.50248
124770 0.0 0.50 0.504761
168661 0.0 0.50 0.509637
148238 1.0 0.48 0.511147
187668 0.0 0.51 0.511383
153738 0.0 0.51 0.51154
147625 1.0 0.48 0.511902
152318 0.0 0.51 0.512617
152326 1.0 0.48 0.516052
165892 0.0 0.51 0.516271
194678 0.0 0.51 0.517029
127228 1.0 0.48 0.517771
179922 0.0 0.51 0.519343
144170 0.0 0.52 0.520563
123188 0.0 0.52 0.520752
176952 0.0 0.52 0.520858
201754 0.0 0.52 0.525919
155146 0.0 0.52 0.529568
196512 0.0 0.53 0.53097
121014 0.0 0.53 0.532471
180721 0.0 0.53 0.534911
118146 0.0 0.53 0.535224
159222 0.0 0.53 0.537768
119396 0.0 0.53 0.539712
156182 0.0 0.54 0.542566
143624 0.0 0.54 0.544428
123326 0.0 0.54 0.546532
152171 0.0 0.54 0.546706
130795 0.0 0.55 0.551386
140327 0.0 0.55 0.55179
198293 0.0 0.55 0.55205
192314 0.0 0.55 0.554645
183691 0.0 0.55 0.555108
144052 0.0 0.55 0.556035
169559 0.0 0.55 0.557168
129674 0.0 0.55 0.559545
140980 0.0 0.55 0.559575
147353 0.0 0.56 0.560059
117213 1.0 0.43 0.563842
114715 1.0 0.43 0.564479
169456 0.0 0.56 0.564481
195826 0.0 0.56 0.564803
120827 0.0 0.56 0.565
199602 0.0 0.56 0.569739
142378 1.0 0.42 0.570013
174077 0.0 0.57 0.571078
139763 0.0 0.57 0.571379
142431 0.0 0.57 0.578734
188870 0.0 0.57 0.579804
189663 1.0 0.41 0.5802
172442 0.0 0.58 0.581064
195569 0.0 0.58 0.581931
139930 1.0 0.41 0.582919
203407 0.0 0.58 0.587707
142492 1.0 0.41 0.588971
164875 1.0 0.41 0.589762
142029 0.0 0.59 0.596116
98414 0.0 0.59 0.597678
144411 0.0 0.59 0.598541
196178 0.0 0.59 0.599059
200229 0.0 0.59 0.599528
197263 0.0 0.59 0.599967
191564 0.0 0.60 0.601701
119852 0.0 0.60 0.602499
147968 0.0 0.60 0.604835
198869 0.0 0.60 0.604911
142193 0.0 0.60 0.605595
196093 0.0 0.60 0.605991
152886 0.0 0.61 0.610198
133007 0.0 0.61 0.611109
135471 0.0 0.61 0.61187
122231 0.0 0.61 0.61745
125326 0.0 0.61 0.61814
142376 1.0 0.38 0.61851
132852 0.0 0.62 0.620604
160412 0.0 0.62 0.625031
144419 0.0 0.62 0.628934
129595 0.0 0.63 0.63391
130225 0.0 0.63 0.639019
118704 0.0 0.64 0.642168
144672 0.0 0.64 0.643573
149811 0.0 0.65 0.654299
167824 0.0 0.65 0.657233
192507 0.0 0.65 0.657432
133634 0.0 0.66 0.660114
117133 0.0 0.66 0.661897
127507 0.0 0.66 0.665366
127239 0.0 0.66 0.666013
150314 1.0 0.33 0.667316
200108 0.0 0.67 0.672434
122134 0.0 0.67 0.672972
142486 1.0 0.32 0.677857
154906 1.0 0.31 0.685871
147179 0.0 0.69 0.690369
115387 0.0 0.69 0.694588
133711 0.0 0.69 0.694972
133762 0.0 0.69 0.696236
118112 1.0 0.29 0.703459
113457 0.0 0.70 0.704732
117210 1.0 0.28 0.711596
142460 0.0 0.71 0.711725
126537 0.0 0.71 0.716918
202831 1.0 0.28 0.717055
156687 0.0 0.72 0.725299
156907 0.0 0.72 0.725745
122948 1.0 0.27 0.729946
121237 0.0 0.73 0.736535
201254 0.0 0.74 0.747575
203220 1.0 0.24 0.758159
167150 1.0 0.22 0.779446
157008 1.0 0.21 0.788951
138695 0.0 0.81 0.811775
127955 0.0 0.81 0.81984
152231 1.0 0.17 0.827862
160105 1.0 0.17 0.8288
150694 0.0 0.83 0.834079
186878 1.0 0.14 0.856627
150213 1.0 0.14 0.859666
