113457 0.0 0.70 0.704732
117133 0.0 0.66 0.661897
118704 0.0 0.64 0.642168
119852 0.0 0.60 0.602499
121237 0.0 0.73 0.736535
122134 0.0 0.67 0.672972
122231 0.0 0.61 0.61745
127239 0.0 0.66 0.666013
127507 0.0 0.66 0.665366
129595 0.0 0.63 0.63391
130225 0.0 0.63 0.639019
133007 0.0 0.61 0.611109
133711 0.0 0.69 0.694972
133762 0.0 0.69 0.696236
138695 0.0 0.81 0.811775
142029 0.0 0.59 0.596116
142193 0.0 0.60 0.605595
142460 0.0 0.71 0.711725
144419 0.0 0.62 0.628934
147968 0.0 0.60 0.604835
150694 0.0 0.83 0.834079
152886 0.0 0.61 0.610198
156687 0.0 0.72 0.725299
156907 0.0 0.72 0.725745
160412 0.0 0.62 0.625031
167824 0.0 0.65 0.657233
191564 0.0 0.60 0.601701
192507 0.0 0.65 0.657432
196178 0.0 0.59 0.599059
197263 0.0 0.59 0.599967
198869 0.0 0.60 0.604911
200108 0.0 0.67 0.672434
200229 0.0 0.59 0.599528
201254 0.0 0.74 0.747575
115387 0.0 0.69 0.694588
117210 1.0 0.28 0.711596
122948 1.0 0.27 0.729946
126537 0.0 0.71 0.716918
127955 0.0 0.81 0.81984
135471 0.0 0.61 0.61187
144411 0.0 0.59 0.598541
144672 0.0 0.64 0.643573
196093 0.0 0.60 0.605991
202831 1.0 0.28 0.717055
