191100
194921
197507
160549
153069
191928
108588
182083
182084
182085
177289
152408
160551
129850
107058
189989
178199
193646
198549
203470
202066
202067
202068
119720
143784
107060
189991
189992
203117
175971
175972
202287
147108
184610
198551
127235
106158
191468
132178
132179
203119
203120
200830
203473
147182
191470
193304
103870
167493
200832
202290
108546
147238
197512
181734
203122
194230
194231
193651
108594
181511
199827
202071
192579
192580
192581
154180
127238
197514
129856
98029
189997
203124
203125
192583
192584
107066
103920
200834
202293
202294
181513
189456
182731
182732
199830
202074
127241
198057
106164
165965
190000
179104
179105
201789
182734
106166
171495
107069
188212
187895
151749
179107
200837
187236
190563
201314
190806
196835
193311
160887
165344
196837
150292
150293
177766
171498
171499
171500
158836
158837
181121
197745
143295
143296
200205
190808
190809
198981
198982
198983
190967
135949
199835
171502
171503
171504
193314
190430
159370
197747
143298
143299
195269
195270
198985
190969
190970
190971
202197
202198
202199
188512
171506
172516
166631
197881
201318
143301
143302
195272
195273
202201
130304
196841
145575
171508
171509
155100
155101
166376
201795
142292
143304
143305
143306
195275
190813
190974
150295
150296
145577
178436
94493
182325
181124
197750
140595
201321
143308
143309
143310
202204
202205
202206
139848
196635
186466
202560
202561
202562
143605
143606
143607
145579
150714
150715
160996
160997
201074
182459
182460
139328
197885
143312
143313
143314
188517
196844
202564
134626
134627
172521
131052
131053
186373
140554
143316
143317
143318
130223
202566
175239
179690
181127
123616
177217
143320
143321
143322
188519
202568
202749
202750
182464
200543
177219
177220
139332
139333
197889
202570
202752
154699
154700
173657
158285
158286
98388
195831
201076
201077
197753
202572
180569
161668
161669
154702
154703
158288
158289
185841
192975
198635
201079
183758
156820
148464
202574
118638
158291
158292
201362
150462
177224
177225
197100
197101
131425
161454
161455
202576
180571
158294
158295
200315
200316
136631
196952
198229
148861
148862
177227
197103
197104
188308
202578
160768
160769
130413
158297
158298
158299
185845
185846
185847
198638
200547
200548
177229
202580
197474
160771
160772
158301
158302
183601
195507
196954
161204
161205
177231
152459
199344
140909
160774
181858
158304
158305
201365
200319
158627
177233
191209
180574
140911
140912
178314
158307
158308
96917
200170
200171
200172
176220
176221
176222
192372
192373
192374
177235
176390
176391
181860
178316
203252
158310
200321
200322
195511
184718
184719
184720
200174
197291
197292
202031
202032
167905
167906
167907
180576
161678
143861
189231
148225
148226
158312
158313
183605
194335
180364
176225
176226
176227
145250
167909
167910
167911
197480
178173
200324
200942
151163
196552
196553
197482
196523
196524
195515
173082
135446
154151
111487
196555
196556
159935
166069
200327
200328
177851
199961
131665
195710
199108
197484
136822
136823
174434
177853
144133
197172
156568
170007
195712
179387
189070
162222
184724
177855
111388
181567
181568
181569
142823
142824
142825
192057
192058
156570
199793
199794
196099
143707
195714
124659
124660
124661
166072
166073
202269
201746
201747
180373
166813
173087
173088
143568
199964
195716
199112
199113
199114
199228
144925
146876
144965
200947
177858
127556
199966
195718
124664
124665
124666
189074
182965
174437
104951
199666
163758
167784
199968
151170
151171
195720
199230
131976
155029
179392
189076
147164
181191
169936
169937
190540
192500
192501
199798
195722
179025
155031
172558
172559
193427
124668
124669
124670
160952
105110
195349
163761
172956
182744
182745
176648
199971
195724
195725
177920
199232
199233
155033
172561
193101
193282
146881
179395
201753
199669
198000
182747
195727
199120
193103
193104
124672
124673
124674
160955
186430
183101
183102
201755
201756
199671
167790
198002
130341
195729
199122
199236
155036
172564
193106
195353
124195
124196
124197
164918
162464
162465
162466
195235
195236
195237
151370
151371
193108
193109
107997
181197
130209
180446
197857
143450
202704
179031
179032
194950
180630
195239
202706
202707
202708
193112
194480
194481
182430
199675
162861
190933
202877
202878
115562
124943
124944
124945
193114
202440
202441
142631
162863
177416
194655
194656
198005
196196
118743
134102
134103
124947
124948
124949
148334
148335
182243
182244
193116
193117
202443
180633
162865
162866
162867
177418
126649
188390
152673
176522
176523
176524
130344
202712
202713
189832
124951
124952
124953
182246
182247
193119
193120
193121
202445
201043
201044
195095
195096
195097
130076
190733
168188
162869
162870
195244
93227
93228
176526
176527
176528
107885
161786
118746
178281
124955
124956
124957
193123
193124
140237
192327
162872
162873
177421
191769
176530
176531
176532
144508
202715
126200
126201
167188
136528
187186
175059
194487
202448
202449
201047
201048
183915
180636
137316
137317
162875
162876
177423
191771
176534
176535
176536
202883
202884
136530
188727
195292
124959
124960
124961
182251
182252
166299
197028
181379
190737
190738
162878
162879
191773
191774
176538
176539
176540
170905
170906
202718
188729
178285
148210
148211
182254
182255
181038
175062
200448
171709
171710
202452
202453
142638
162881
162882
177426
191776
126488
126489
126490
176542
176543
176544
161570
107890
161791
103930
103931
136533
198482
124963
124964
124965
187005
201180
136333
136334
177428
152777
93234
93235
176546
176547
176548
195764
195765
141674
141675
202456
202457
133630
133631
133632
192333
162885
162886
162887
148670
148671
177430
191779
195767
167192
136536
200450
202459
202460
140244
147784
192335
192336
103661
160503
160504
148196
148197
107894
170945
170946
196432
136538
147147
147148
191242
119480
198253
136338
181702
192338
103933
196434
136540
136541
143077
143078
133438
178640
181704
126495
126496
126497
203007
196436
198486
178642
195477
176196
176321
143081
143082
148213
148214
200455
200456
158996
165628
121418
196439
143084
143085
164792
195480
181707
184114
184115
197413
189883
197264
197265
191968
191969
191970
198489
164794
198364
167852
121421
121422
121423
111987
175875
184522
187955
150620
119215
129596
165068
191973
196443
196444
160372
150622
150623
150624
167751
193196
146729
189886
200068
200737
199703
199704
201951
201952
163436
167753
155251
201589
121427
121428
199928
199929
150837
158735
158736
166191
201859
201860
199706
199707
140780
199931
165881
124370
151673
111613
167105
199709
163849
140782
155254
118580
193200
189890
189891
201862
196666
196667
196668
197964
201592
199933
185882
165883
194062
199712
201957
148051
148052
180203
190469
187963
189614
182533
182534
172877
169620
201865
199714
199195
199196
200741
169882
169883
150495
151631
174759
140787
185885
185886
194066
194067
194712
121518
142030
201596
171553
171554
193206
190314
190472
189618
139117
201868
201869
199718
199719
142032
142033
165885
165886
194070
181834
181835
189620
190701
169625
168256
196287
196288
171557
155142
153696
153697
153698
149856
149857
149858
162364
162365
162366
183307
159414
159415
197651
197788
182618
182619
190856
190857
190858
196290
196291
196292
165845
194073
194074
182369
155144
172648
172649
183309
201154
182541
130182
130183
198065
121523
191625
191626
196294
196295
142506
164865
162369
162370
162371
183311
197007
151536
182543
182622
182623
182624
174764
196297
124035
124036
124037
150904
150905
184018
184019
148413
148414
194449
194450
194451
183313
183314
138279
108191
151538
172886
182626
190862
190863
136509
136510
150907
126292
126293
121704
121705
121706
149479
190865
198069
121527
184021
184022
183317
177291
128701
128702
128703
191103
186857
196299
196300
136513
124040
124041
124042
183319
183320
183321
177293
140344
201157
197794
192460
202635
147641
136515
121709
184024
184025
184026
198125
200980
177295
197796
201428
201429
201430
194925
186710
186711
186712
202637
202638
186860
154960
195685
178990
178991
147111
131951
198668
183669
183324
183325
183326
177297
177298
194579
140347
140348
201432
201433
201434
186714
186715
186716
153204
93156
174367
198127
198128
183328
177300
197011
197012
178860
201436
201437
191107
186718
186719
186720
202641
154743
198553
143039
143040
198670
200982
167566
199631
199632
201439
201440
191109
186722
186723
186724
186863
195678
184029
181255
139231
177303
186726
186727
186728
202644
202645
197517
183506
183507
183508
143042
143043
195610
177305
199634
199635
197519
180968
198122
156176
177307
186866
163623
152188
178209
147118
184619
203481
166588
166589
177309
202078
154749
154750
178211
103872
202299
202300
184621
144331
144332
154187
144824
144825
107073
147121
197333
172670
143790
143791
203131
201620
201621
104965
93165
166276
186706
186707
186708
197335
202081
172672
107076
201623
201624
200840
200841
193661
113379
199839
199840
171511
107078
103922
202306
164051
119321
119322
171513
171514
171515
190008
194239
151757
144335
144336
166921
166922
145771
106175
106176
107081
203135
203136
203137
160895
177863
199844
199845
106178
172675
201324
173840
106180
200846
189725
189465
190815
190816
190817
196847
196848
171519
144833
162137
172680
98041
182979
185266
162327
138261
189467
177867
196850
150298
150299
169266
169267
200848
200849
162329
190820
130307
180916
187682
151406
172527
172682
193324
185269
162331
201328
201329
201330
143326
143327
143328
190822
190823
201521
201522
199850
199851
103924
197757
201332
143330
143331
143332
189730
201524
190977
152706
152707
196854
180919
115506
151409
176716
176717
94503
179696
162334
143334
143335
143336
190826
190979
190980
152709
152710
180921
151411
182336
182337
143338
143339
143340
202582
164462
182471
181137
138268
143342
143343
143344
130233
188524
202584
202757
202758
180923
192982
192983
182339
179700
161208
161209
142979
140601
143346
143347
143348
152712
152713
152714
130309
202586
140914
192985
192986
201084
176047
177237
197761
152716
152717
152718
202588
180926
182146
182147
192988
192989
192990
179703
197899
191211
152720
152721
202590
158240
202761
202762
202763
180928
180929
160779
158315
158316
192992
192993
200552
200553
200554
177240
194542
194543
194544
197764
152723
152724
152725
202592
202765
202766
202767
160781
158318
158319
192995
192996
201372
148871
177242
197902
188313
202594
161682
161683
160783
158321
158322
158323
182150
201374
201086
201087
182344
177244
131575
202596
202770
111824
160786
143866
196313
201376
201377
196527
196528
198238
182476
177246
202598
202772
202773
202774
160787
196315
158326
158327
201379
201380
195519
170599
198240
177248
194549
194550
161465
202600
197487
197488
160789
158329
158330
195287
200332
200333
195521
188911
140282
158449
91876
177250
156836
139481
139482
161688
160791
198515
203259
181572
181573
177252
161690
181869
158332
158333
200336
198243
150933
150934
177254
161468
161469
161470
149787
191587
137791
178949
158335
195524
157778
199031
126113
160641
188630
198518
178327
185119
185120
186994
195526
164843
181576
181577
181578
150937
199029
202043
202044
150349
200560
199355
153183
200339
200949
143190
150950
119425
142329
168657
168658
199033
199034
155349
150772
193431
200342
200951
150953
176243
185461
185462
185463
189236
183105
183106
164847
181581
181582
181583
135455
199804
199805
199976
151178
151179
199124
199125
199239
193434
124676
124677
124678
198523
181876
181877
164836
144974
202050
202051
195733
144934
184433
203267
181585
181586
181587
167795
199979
195735
137493
146743
146888
124680
124681
124682
166223
144977
200954
200955
201762
201763
164849
197180
119431
119432
160481
160482
195737
187768
169316
195850
183111
183112
199677
127485
141450
141451
144416
195739
124684
124685
124686
201766
192512
159725
141453
141454
141455
195741
199242
160964
160965
161006
161007
195358
162473
162474
162475
199680
197863
169068
152874
195743
103900
193126
179968
174446
140678
140679
195745
193128
193129
124688
124689
124690
129632
81607
162541
196113
195747
178544
124207
124208
124209
191434
166504
151616
201771
199684
195248
195249
162543
177043
199246
179045
193132
193133
142640
195361
124211
124212
124213
164929
180639
174667
174668
198008
139828
130346
105693
193135
193136
194492
194493
195363
201052
195103
195104
182442
182443
190741
190742
199687
130667
130668
130669
185201
193138
193139
105529
201183
162482
162483
162484
162889
162890
162891
168852
168853
198011
144515
138693
177046
193141
105531
142644
180642
162893
162894
162895
177433
180863
149697
149698
161574
186581
111070
151695
193143
193144
194496
194497
195366
171236
195107
190745
190746
162897
162898
162899
177435
165211
147979
126076
188147
188148
188151
136543
136544
155605
191245
178551
182261
179652
187191
201054
195109
195110
150539
177437
168857
196202
126660
126661
126662
93243
93244
142528
136546
136547
160884
178293
178553
190374
82310
202464
175333
180645
191785
144520
177681
129302
136549
136550
103741
178295
182264
162592
202466
202467
202468
142649
201056
150542
190749
177440
142078
202895
202896
136552
136553
153607
107042
162595
162596
202470
194963
198258
201189
201190
150544
192344
177442
164955
93247
93248
131546
136555
136556
200460
200461
195482
202472
202473
150546
112897
191789
167201
166311
195484
119488
191139
168196
168197
177445
148063
148064
126082
126083
126084
202900
136559
136560
166313
140389
165634
191141
191142
177447
156806
191792
186643
161653
175879
198491
130397
148216
148217
177449
160514
160515
191794
136562
136563
203375
183583
195488
165636
181713
181714
191145
121430
121431
121432
152790
111991
167206
136565
136566
196449
203377
195490
192351
192352
192353
158176
158177
191797
150840
130536
153426
200185
177119
140394
154008
136350
191148
191149
168123
189893
150842
150843
167344
179742
174274
181053
158404
177121
154010
119494
147799
147800
191151
191152
191153
193538
193539
193540
200470
177123
154012
108479
165642
167756
144215
144216
144217
203023
150847
150848
191983
156549
166199
133454
133455
152436
152437
152438
167859
199200
196455
200878
200879
147195
147196
147197
129609
121440
121441
121442
119770
119771
119772
193209
203026
184534
199722
144369
144370
144371
167760
196673
155277
119774
119775
119776
168130
200744
170783
182830
182831
119778
119779
119780
193212
180211
199204
200179
163737
171561
171562
119782
119783
119784
144863
144864
193214
171438
180213
193548
193549
112514
198375
198376
197969
108487
194078
199206
167414
197148
198378
174766
174767
196748
144373
144374
144375
163448
163450
119787
119788
119789
143691
191991
166677
147204
129616
163741
177804
144223
144224
119791
119792
119793
97340
153704
139126
200570
144377
144378
144379
163743
197971
152492
119795
119796
119797
194082
123104
162377
162378
162379
170790
149483
152494
119799
119800
119801
151687
153569
172892
180959
185899
185900
182220
142770
201160
189630
190705
197974
190483
162383
162384
162385
186271
197662
197799
196305
171571
171572
178033
166429
166430
187270
187271
187272
190485
190486
189360
189361
200211
190708
190709
201442
201443
201444
197977
194090
178035
121884
190488
190489
194726
194727
201164
201165
190711
201446
201447
201448
190867
192467
198074
198075
124048
124049
124050
121716
121717
121718
184031
170531
182382
190491
190492
190493
201450
201451
157196
187276
201453
201454
182636
182637
182638
190870
196308
198134
198135
200988
200989
183802
183803
166435
195614
177311
201456
191115
192471
147403
173801
141520
177313
96727
96728
201458
201459
191117
176441
176442
119030
119031
202647
202648
202649
147405
147406
124743
124744
124745
147123
195616
195617
177315
105395
199639
191119
192474
124054
124055
124056
126309
126310
160336
179815
198675
198139
198140
175282
203486
182388
177317
178870
199641
202652
202653
154754
152585
170538
170539
181264
151955
200994
203488
203489
192267
156183
139240
177319
199643
199644
199645
192477
151255
153084
153085
153086
124747
124748
124749
160339
199461
176118
176119
176120
195621
177321
194592
194593
138471
138472
202656
165714
153088
153089
179005
179006
195403
110739
158387
156187
177323
178874
199647
199648
197528
143796
148185
148186
148187
108193
108194
108195
170181
170182
125957
151259
124751
124752
124753
202370
202371
198146
198147
181625
199463
176125
176126
167581
167582
143798
143799
143800
153093
194244
203495
181627
144338
144339
197390
197532
143802
143803
143804
104161
181749
103877
152367
203497
181629
199466
107087
190014
183513
200382
152369
181631
177870
197393
197534
148189
148190
190016
194250
194251
200384
200851
200852
157725
181633
176131
197346
163639
197395
172685
193327
98044
118387
107090
203304
194249
194252
200386
200387
195410
195411
144341
144342
201503
194162
194163
197536
203306
187132
187133
187134
176134
177693
185368
191486
191487
197538
172687
107093
187136
187137
187138
201336
189473
201505
201506
200854
187140
187141
187142
144344
144345
166936
132721
107096
169334
187144
187145
187146
148995
148996
201339
177877
119335
169336
187148
187149
187150
190831
201531
177879
174884
164728
169338
142379
196407
151526
187152
187153
187154
189477
190833
177881
199857
193770
172043
169340
103926
124357
194848
190835
201534
177883
174887
174888
166943
166944
115543
169342
196410
196411
149001
201536
152728
152729
152730
135123
189489
138353
197766
140720
185030
185031
130311
179339
182346
197768
201539
166948
154626
154627
154628
182348
152734
152735
193002
193003
94516
196416
154630
154631
154632
201092
187309
188533
152737
152738
152739
160793
121827
121828
121829
154634
154635
154636
197770
189734
152741
152742
152743
173733
160795
201385
94519
154638
154639
154640
120886
141633
161220
161221
177256
121472
121473
140726
140727
152745
152746
152747
147860
196559
116699
116700
116701
160797
178460
140166
140167
154642
154643
154644
141635
141636
169579
177258
152414
177613
121475
201461
201463
188537
202779
161694
180939
160799
149178
154476
154646
154647
154648
175367
182353
142993
177260
121477
201464
201465
161476
152750
152751
152752
130313
160801
146513
178462
201389
181790
154478
154650
154651
182483
160027
177262
105378
201467
201468
147864
116705
188634
153186
201391
201392
157783
154480
161226
161227
177264
121480
201470
201471
161698
160804
188774
146515
186998
154482
154483
201097
177266
199036
201473
201474
160806
189238
178187
196324
185123
185124
185125
195529
140294
175370
161230
161231
200562
202784
160808
201395
201396
195531
170612
191854
138576
202786
202787
160810
139764
200346
167392
184729
184730
184731
158648
158649
177270
177271
199038
138578
199359
199360
199361
122912
178335
195534
140297
198756
192394
192395
177273
199363
199364
181882
153323
153324
150960
192397
192398
191858
170152
170153
170154
173977
173984
173985
199366
199367
199368
126623
126624
163295
163296
163297
183623
178561
178562
164852
192070
192071
170156
170157
170158
173987
173988
150780
150867
150868
170993
160290
181884
181885
200351
200352
200353
157791
157792
199040
199041
197313
191861
150782
146894
146895
178567
193443
200356
195539
195540
178761
178762
164854
197183
199985
195749
123474
167486
174449
151554
167799
197185
197186
116858
116859
119439
119440
195751
146899
124692
124693
124694
82114
141468
166227
203277
151437
184737
184738
167801
192077
197188
195753
200781
200782
169324
148965
164856
170376
197190
152443
152444
152445
195755
111099
179975
198847
174452
152432
152433
152434
192521
167804
167805
170378
197192
173112
182756
182757
105697
195757
146903
124696
124697
124698
183371
183119
183120
183121
200963
200964
118493
197194
182759
182760
199991
151195
195759
103902
200786
171387
183123
183124
153783
174454
144268
144269
144270
177587
188146
188149
188150
123015
193449
193450
124700
124701
124702
183128
183130
183131
201257
201258
144272
144273
144274
192525
140688
116286
142237
161012
161013
195369
183127
183129
201260
201261
174675
174676
196121
147983
199994
199254
179053
178556
124704
124705
124706
195863
159304
159305
195371
189401
189402
189403
198950
192528
192529
167811
167812
197873
195668
130349
188153
188154
188155
200788
194503
142239
183133
183134
147171
144276
144277
144278
141941
127577
134120
134121
107045
200790
195865
195866
198855
129644
168862
168863
186589
196541
174120
174121
174122
201061
141297
141298
201193
189677
201265
127580
187195
194769
195376
141300
194968
201195
201196
201197
201267
190752
197878
123950
179058
174125
174126
174127
153612
107049
166316
193153
201063
197698
201199
201200
180652
180653
180654
126667
126668
126669
138705
107905
188160
188161
103906
151704
179662
174129
174130
174131
185216
202479
142657
194971
201202
201203
180656
180657
180658
111804
136568
136569
174133
174134
174135
197044
194773
198265
190754
190755
190756
180660
180661
180662
196210
107908
124097
124098
202906
202907
136571
136572
188745
188846
174137
174138
174139
142660
170576
197046
197702
200194
200195
180664
180665
180666
168870
191800
107910
136574
160249
130402
182272
182273
182274
174141
174142
174143
107054
139275
139276
201068
197704
195122
195123
195124
183935
183936
180668
180669
180670
191802
191803
142089
196213
138840
138841
136576
79025
174145
174146
174147
195494
177125
154014
154015
201070
201071
190760
106482
180672
191805
191806
161661
165779
165780
175181
175182
174149
174150
174151
166325
175993
177127
154017
197707
147804
156446
124102
124103
124104
141563
131026
131027
177129
81737
191158
191809
191810
196215
107915
149166
103948
181986
203384
177131
154020
196892
196893
147807
103121
152799
157106
103950
160255
188853
195498
177133
139281
139282
197051
197052
154022
154023
154024
196895
111806
191813
191814
191815
186655
188419
107918
196459
167349
181989
127819
177135
154026
198272
198273
137649
137650
137651
150850
200576
200477
200478
177137
165649
154028
154029
154030
147811
121447
121448
121449
148079
148080
148081
196462
79029
189188
130547
200480
195502
177139
150630
150631
150632
139286
154032
126785
168074
181993
178662
178663
200482
200498
154034
128976
150333
203186
150852
150853
191993
198579
198580
198381
198382
151579
154036
199209
201674
194284
193554
193555
167864
150335
203188
203189
203190
201676
200749
200750
196467
160392
198385
127155
117624
157742
157743
157744
191532
203033
203034
199211
201678
201679
143111
143112
161798
185902
168080
190064
201681
201682
154086
154087
154088
200753
143114
143115
160395
170793
198388
135394
154378
118152
203194
199213
199214
201684
201685
129975
143117
143118
164821
158419
197154
197155
144382
144383
144384
167869
179160
200756
200757
169946
169947
163869
144231
144232
144233
147628
193225
165893
165894
165895
166013
203196
199217
194291
194292
194293
133479
169949
201978
165897
165898
165899
203198
201689
166685
166686
127123
127124
174770
185907
187753
199220
162390
162391
129980
169422
129622
80117
80118
142050
144878
185006
185007
169281
138009
194094
199222
199223
200094
200095
200096
190497
162393
189636
189637
167125
190716
182641
182642
198921
199738
144387
144388
144389
144237
144238
144239
124396
124397
124398
200098
200099
181157
170802
139792
118019
141523
189368
190875
190876
186508
165905
118021
194097
194098
179167
162397
162398
162399
194735
197672
137313
137314
195081
182646
190878
174772
128341
128342
128343
142055
166444
201232
201233
201234
195083
195084
189370
190721
170075
154973
121726
121727
121728
195303
182231
169907
169908
181161
162402
201236
201237
147903
180841
154975
191646
157203
171336
160342
195305
136813
194739
194740
141265
197810
189644
189645
189646
130204
190882
190883
202659
202660
202661
147412
147413
92677
144742
195307
195308
200996
179632
180578
141267
128347
128348
128349
136291
108198
141269
189648
199652
138614
147416
124755
124756
124757
124063
124064
124065
193049
155738
171857
171858
177097
180581
141271
141272
141273
197814
193051
193052
193053
184035
142891
142892
177326
199655
147909
170082
182236
182237
182395
156194
177328
194601
149638
149639
139387
138618
138619
138620
202666
202667
96559
124759
124760
124761
148299
148300
183516
183517
193056
182239
182240
182107
203501
182397
156196
180584
177330
199657
112297
159524
177332
139390
139391
108200
178879
161519
176456
176457
165724
165725
132458
157209
124763
124764
124765
200390
200391
195414
198155
199469
130996
130997
180586
177334
199660
152206
152207
152208
124767
124768
124769
200393
180588
139252
177336
131343
163644
124771
124772
124773
176138
131000
177338
140504
199663
148192
148193
124775
124776
124777
168588
179019
179020
195629
177340
152454
128946
197543
178229
178230
124779
124780
124781
152567
104008
181639
199471
159237
159238
183521
183522
103882
123420
200398
199473
91792
91793
144347
144348
178232
203313
203314
147143
152379
175064
177885
191495
150801
150802
184385
195420
200567
182115
159242
201514
201515
185377
197547
146788
169269
169345
164356
153831
198998
199861
185379
197549
146790
146791
181761
203156
142385
194263
146013
144350
144351
144352
185381
185505
185506
197551
165982
107105
169348
182992
129167
200862
164072
202104
194172
129056
197553
107107
169350
182994
189523
189483
158659
191501
169352
200864
180020
173004
177892
202106
169354
103928
189737
144355
144356
144357
169356
172176
177895
121369
121370
199869
176734
176735
164740
169358
182998
180024
187315
157262
152754
152755
152756
187702
169360
189296
110647
179917
180026
190593
197777
199005
119574
119575
119576
147866
127424
160999
201547
119578
119579
119580
137163
196872
199873
153504
172537
184118
140734
185040
185041
147869
178465
155841
179921
182788
182789
188542
130315
153507
172539
201814
177621
197781
201549
160812
193015
153689
194865
197913
191005
196327
196328
193017
121840
121841
121842
141187
141188
149423
177522
197783
168097
196330
175269
175270
170617
201103
195009
195010
195011
200188
195627
182489
121035
180722
139988
161484
188547
157270
168369
202791
202792
182167
193020
183256
141191
170619
201105
201106
189303
189304
189305
167558
170484
193022
121697
121698
121699
157794
197607
197608
180487
197916
197917
197918
157140
173991
173992
160293
104429
104430
158503
121846
121847
121848
157796
198312
180489
161488
161489
123873
123874
173994
173995
173996
148239
157798
157799
180491
191864
161579
175043
160820
160821
160822
162100
195543
157801
157802
198759
201111
198315
180493
199043
199044
191866
173999
174000
199374
160824
160825
162102
200359
157804
157805
167561
168236
137809
160827
160828
160829
188787
162104
151891
151892
182173
124154
124155
124156
171769
171770
157807
157808
198321
181437
96716
133959
133960
107812
188650
189249
162106
157810
157811
162953
198323
198324
199046
199047
161495
161497
174002
174003
170494
170495
162108
162109
162110
178573
96945
183267
157813
157814
157815
200176
200177
197196
191691
191871
174005
174006
150790
150791
203282
178347
139778
195551
157817
157818
157819
162956
150970
150971
156709
148470
191693
153023
174008
174009
174010
200966
173117
197199
197200
199049
191695
189251
162114
183376
195553
195554
195555
192087
197202
158097
203068
181894
203286
203287
197204
149552
193453
162116
203289
183379
151445
108501
183136
183137
158953
178809
178810
150976
197206
197207
156714
199257
170429
128245
124708
124709
124710
163997
183139
183140
183141
200968
159213
156716
198059
193602
183143
183144
183145
179985
200970
181606
181607
156718
143990
195682
124712
124713
124714
193604
183147
183148
144280
144281
144282
167818
192093
200000
200001
169244
198061
200792
193606
164001
166234
183150
183151
179988
200972
148978
145285
197330
197377
145707
199262
123249
124716
124717
124718
186130
186131
183153
183154
174461
200974
198955
198956
175086
145709
188164
199264
169326
183156
183157
183158
198859
200976
167822
165929
124720
124721
124722
193458
159314
159315
180267
183160
183161
183162
144284
144285
144286
130355
124298
151708
199266
179064
179065
110576
128253
128254
128255
193610
183164
183165
183166
189414
196129
188168
124724
124725
124726
194778
175345
195384
195385
183168
183169
201273
179993
106484
177596
151710
193161
200796
187199
180270
170581
195387
106486
196797
180675
168874
140703
165783
165784
174154
174155
174156
185224
185225
188219
142666
194780
197709
106488
149715
149716
142544
202913
202914
187793
177929
174158
174159
174160
195390
194980
201276
106490
142546
124108
124109
188173
103910
151714
185228
183208
170585
201278
195131
195132
195133
180679
142548
142549
107920
202916
202917
165788
111076
166331
183210
183211
183212
194519
183944
196799
142551
134136
160258
177933
105547
194785
197056
197057
197058
201280
148002
148003
177935
185232
185233
181094
105503
194787
197060
197061
140405
141960
142097
142098
142554
142555
149173
177937
130550
166335
194521
197063
182561
183948
103953
103954
181096
177142
186322
154038
190767
190768
167032
191822
191823
185814
185815
202922
182285
178665
176004
139290
140411
154040
198279
111808
165795
187034
177145
110799
154042
143251
131569
202925
181999
200486
183220
177147
154044
198281
168314
178936
153444
183222
183223
183224
177149
154046
198283
198284
167146
167147
191828
143825
178938
184071
183718
183719
177151
154048
191165
157116
168520
129330
165368
165369
146362
146363
146364
143121
143122
187039
177153
177154
154050
152447
152448
152449
191831
191832
191833
152813
129332
129333
198117
184670
143124
143125
178674
161164
177156
150634
150635
197436
104069
104070
145776
203200
203201
203202
201691
201692
184672
143127
143128
112452
177158
151588
196903
131388
176341
200572
203040
203041
203204
190070
184674
143130
143131
200490
166606
197438
190072
201695
170980
170981
170982
163969
184676
143133
143134
203399
112602
127128
198395
201982
144241
114667
191535
201697
201698
150861
150862
184678
143136
143137
189203
198397
198398
127166
117574
203045
170985
192007
196476
196477
198591
184680
151540
180323
180324
173040
150637
150638
152428
152429
152430
135561
203208
203209
201701
201702
192009
196479
184682
189205
169430
181538
181539
181540
198401
144391
144392
144393
197441
190077
192011
202217
193726
144885
185570
124404
179169
200105
192013
192014
184685
184686
184687
127171
191648
144887
203049
203213
203214
203215
192016
192017
202219
202220
169435
129628
201987
201988
166024
170401
201706
201707
192019
192020
200766
202222
202223
193573
193574
163975
193730
193731
189374
166787
196768
167882
200583
179171
200107
187580
192022
192023
200768
193576
193577
162407
162408
162409
164834
169438
189650
189651
151601
198929
117581
189274
200585
166027
179173
153587
185188
181775
181776
189653
174775
196770
177815
154395
185421
195689
200587
200260
200109
181163
186285
189655
189377
151604
174777
174778
196772
196773
180847
194108
136295
136296
194746
197679
194891
169965
180849
165910
183439
179177
179178
169483
136298
189380
155559
200591
200592
194111
200264
169485
162415
162416
162417
129517
142791
197681
190892
174782
147916
147917
147423
147424
170409
195312
169487
164876
187288
189383
190894
170088
145645
194400
200267
155880
154525
154526
154527
195314
169919
136302
190508
162420
162421
162422
129520
194751
194752
151612
130329
147920
147921
147922
113752
157213
124073
124074
124075
138812
138813
173819
200269
200270
154529
154530
154531
195316
169490
162424
162425
162426
194754
197685
147428
147429
147430
116978
116979
116980
146419
178501
193062
165456
154533
154534
154535
201002
201003
189567
182402
169492
131003
131004
197823
190897
138627
138628
140973
147432
124783
124784
124785
189280
194404
202383
202384
141087
141088
154537
154538
154539
158394
169494
177343
200216
128949
170856
170857
202673
116983
116984
116985
155566
124787
124788
124789
173319
177702
200274
200275
200276
154541
154542
154543
195319
152635
171870
171871
171872
112857
177345
177346
176465
202675
202676
198097
116987
116988
116989
124791
124792
124793
148303
148304
184042
165458
165459
165460
202387
202388
201006
195631
171874
171875
177348
194612
200219
165734
116991
116992
116993
170473
170474
124795
124796
124797
124080
124081
138820
138821
193066
165462
165463
165464
198161
156206
180597
192144
177350
139400
147931
147932
116995
116996
124799
124800
124801
165466
165467
165468
198163
183820
183821
183822
162835
162836
177352
177353
194615
161529
170862
170863
202678
202679
124803
124804
124805
180996
107473
165470
165471
165472
182117
148442
186893
171125
171126
124807
124808
124809
165474
165475
165476
199478
177356
126445
176471
176472
124811
124812
124813
183526
183527
183528
199480
156211
111692
199081
196162
123914
123915
123916
199415
197555
201650
201651
124815
124816
124817
181647
145891
145892
177359
113386
113387
202108
166844
166845
166846
197557
188688
124819
124820
124821
183531
183532
181002
178604
202394
202395
202396
181649
202110
202111
199418
186896
188690
107112
152461
176477
176478
166849
166850
166851
154779
197560
190041
201655
201656
186923
173009
177898
177899
167973
167974
166853
166854
166855
146800
198445
198446
107115
172055
187325
199483
199007
199008
159255
144359
144360
144361
146700
202957
202958
117126
165988
165989
183971
182699
181655
146702
167977
167978
167979
197563
163930
163931
163932
169363
190045
202337
167981
167982
191510
191511
150805
150806
122839
107119
103890
179923
201882
165026
202118
202119
202962
202963
191513
191514
129064
198451
198452
190047
179925
180032
169096
119354
146706
119766
183005
167528
110649
183974
181660
166771
166772
169098
173016
119585
119586
152853
199879
199880
144364
144365
144366
167986
167987
193352
198896
189750
167989
167990
201886
200875
183976
183977
186403
188549
119589
119590
119591
174908
174909
174910
201818
201819
140742
201554
130317
196878
202969
193356
193357
165998
172188
160932
166775
166776
188552
119593
119594
119595
174912
174913
174914
199165
189309
191013
191014
176798
174916
174917
174918
197921
197922
197923
188555
185049
185050
174920
174921
174922
188205
177973
177974
201823
197925
197926
197927
140747
201557
174924
174925
174926
196336
177452
195019
195020
191018
197929
197930
197931
130319
177454
195300
195301
201825
201487
201488
201489
174928
174929
174930
177924
196338
193030
193031
121853
121854
121855
142708
201113
121044
166525
197934
197935
197936
188560
123990
147883
183269
177457
154670
154671
154672
201115
182496
173628
173629
188562
189768
196341
170522
201117
172705
201492
201493
174012
174013
202801
202802
165808
196343
196344
149833
149834
149835
157821
157822
201119
201120
172707
169600
191697
174015
174016
174017
161587
160304
155676
151898
178576
178577
177461
172709
180740
126885
191876
131463
174019
174020
123995
119023
119024
178352
183636
178700
178701
130937
171778
171779
177463
170526
170527
199453
174022
174023
174024
161590
202806
170502
170503
178354
168674
168675
200367
130939
177465
142715
191701
196250
150872
150873
160308
191307
139785
139786
196571
130941
195559
157827
157828
195671
198333
198334
199455
199583
117350
138422
152141
161501
161502
153030
174027
174028
174029
165813
198767
103604
191883
174031
174032
174033
201609
201610
178358
196983
162967
199457
181610
181611
156720
161504
174035
174036
174037
111110
191609
151905
151906
182041
182675
181613
181614
181615
199052
174039
174040
174041
196573
195563
182677
181617
181618
199588
192097
156723
197379
197380
129955
174043
174044
174045
150793
150794
114831
114832
178584
200374
200375
162971
199459
197215
173129
199054
148130
148131
182045
178707
195565
195566
178817
150984
189211
197382
197383
165695
162126
181901
192101
92723
199056
165137
140044
186137
189254
183171
183172
183173
196575
159065
182682
144288
144289
144290
192103
197385
197386
126561
126562
126563
164290
164291
164292
124728
124729
124730
193614
142364
182049
183175
183176
183177
174464
159067
173134
173135
171143
159223
164294
164295
164296
117211
140047
193461
193616
183391
179997
106523
150989
164298
164299
164300
103856
201900
201901
166244
182052
182053
182054
183180
183181
183182
142802
142803
106525
106526
177828
203081
200798
193463
124732
124733
124734
158772
158773
180273
183184
183185
108023
158956
198866
130013
203083
201904
201905
183187
183188
106529
167832
177734
171146
179290
189961
189419
106531
166887
170445
191900
191901
193467
124737
142371
180276
201283
177600
166889
200014
200015
183192
183193
189421
189422
189423
198870
182709
106113
196136
179294
187800
151721
173518
124739
124740
124741
195876
196802
144296
144297
192550
167838
106115
179296
169248
181098
200805
187206
194791
194792
158019
201286
189696
189425
180690
106117
103912
173521
195878
159330
159331
186331
166723
152360
198874
190771
106119
173523
174167
174168
174169
181100
159333
159334
138234
194795
197719
195143
152362
189428
189429
189430
156958
180882
198032
178404
172477
179081
166342
159336
159337
176008
194797
201290
130293
180884
174172
174173
174174
181102
128865
128866
197722
201292
189433
190774
202930
202931
198287
198288
180697
180887
154916
183722
185243
198290
180699
111810
157120
172482
172483
195665
182293
183873
183874
128870
194802
197725
94740
123828
123829
174839
174840
191837
191838
187044
183876
183877
183878
177160
154622
154623
154624
158026
110802
196609
130295
150685
172257
191840
191841
152463
96303
178409
124125
124126
124127
184074
184075
79984
198191
138952
179673
178676
178677
183880
183881
183231
177162
195151
161419
172486
183883
183884
183885
171747
183233
162629
183332
162753
177164
197074
123832
202538
111812
150688
98110
188769
183728
183729
183887
183888
183235
152401
140424
140425
198294
94745
196069
196070
172261
191845
124131
124132
124133
195805
148829
183237
183238
177167
152456
178926
191169
191170
111814
112344
119547
119548
170989
170990
175908
198196
177169
198296
198297
129879
145973
145974
161423
196615
167159
167160
119550
119551
119552
157128
184081
185290
148832
196906
123837
123838
123839
172265
152824
119554
119555
119556
200280
167234
196484
196485
184083
200131
177172
176351
176352
191174
191175
121464
121465
200282
200283
200284
179759
200517
200518
177174
191177
197445
203052
203218
192025
163978
193579
143146
148836
200520
200521
200522
150043
198408
177176
201711
192027
192028
196488
200134
200135
128259
128260
128261
150734
203221
112023
201713
201714
200111
192030
192031
200772
180332
178139
196491
196492
200909
193582
184561
184691
184692
198936
150642
150643
201995
201996
185922
185923
201717
201718
200113
196494
196495
200911
184563
184694
184695
184696
193388
202228
202229
195971
193244
185926
182928
182929
182930
183039
200115
200913
184699
184700
129999
189385
117590
197451
197452
124606
124607
151823
182932
200777
200915
200916
193586
203226
182934
183042
169838
169839
200118
200119
202232
181548
150123
127185
168022
168023
200598
124609
124610
142320
179185
191403
191404
189664
119043
119044
194118
110556
200122
169924
169925
198802
191406
191051
189390
172921
172922
198941
167892
168026
159790
193249
193393
124612
124613
200779
181169
162431
162432
162433
127528
198943
198944
112437
193395
171351
171352
191412
191413
145833
189393
200221
174791
174792
199759
199760
177818
200601
200602
124615
124616
124617
194409
164690
164691
138293
194761
189395
130331
186530
150243
116998
116999
117000
112439
178507
155393
194123
169930
169931
190518
159456
159457
169044
200223
147934
150245
198101
167011
167012
117002
117003
117004
124619
124620
124621
179363
195321
124165
124166
124167
120942
181174
152643
162437
162438
162439
122042
189671
201255
143415
200253
170097
110563
120944
180600
191055
191056
192149
165740
150247
150248
193072
165479
165480
165481
194127
194128
195326
164889
192151
117009
117010
117011
148306
148307
165483
171196
181178
131014
131015
171883
180602
162842
162843
192153
194623
141293
190908
130333
170101
165743
117013
117014
117015
124823
124824
124825
175289
175290
166469
191059
192155
192156
155457
124827
124828
124829
173327
171968
171969
201011
201012
182412
183827
183828
180604
177362
192158
168813
168814
197831
200230
196166
185085
185086
186898
111033
124831
124832
124833
124090
124091
124092
194420
192160
192161
197833
155460
155461
117019
117020
117021
188694
124835
124836
124837
193077
180606
177365
192163
108218
191738
191739
191740
196168
170106
170107
124839
124840
124841
79048
108059
175172
175173
171972
171973
177367
192165
139412
139413
97475
124843
124844
124845
186928
200410
200411
195431
165485
165486
165487
171975
171976
159546
177369
192167
191743
191744
165748
124847
124848
124849
183540
165489
165490
165491
110761
171978
171979
181297
180609
177371
177372
123923
123924
123925
197567
197568
188699
178248
124851
124852
124853
104026
104027
104028
202405
110763
110764
165585
171981
196046
177374
140513
124855
124856
124857
195435
202342
110766
110767
171983
171984
182129
182130
182131
181662
177376
188373
197571
118416
178251
124859
124860
124861
140977
202344
108063
171986
181352
181664
177378
177379
154789
160706
160707
172427
172428
172429
140979
156035
195438
197243
197244
172431
172432
172433
140981
183545
183546
158461
165590
173020
197246
103637
103638
202971
170914
170915
129273
197574
160710
172435
172436
172437
178255
178614
165592
176166
143531
166001
172439
172440
172441
172065
203175
203176
203177
195442
195443
195444
160168
160169
160170
181667
202128
202129
193360
172443
172444
172445
160936
103894
200421
195446
195447
195448
183982
181357
160172
160173
160174
170287
170288
151104
151105
117139
172447
172448
172449
203180
203181
203182
160176
160177
160178
181669
145330
199891
199892
151107
200025
193363
193498
172451
172452
172453
190057
172193
202352
202353
174116
174117
174118
160180
160181
160182
118100
146717
202976
146816
184487
164758
167539
160184
160185
160186
201560
174932
174933
174934
197368
197369
202978
150808
150809
200027
193366
184489
201827
160188
160189
160190
170293
170294
197255
174936
174937
174938
168001
168002
193368
193369
193502
184491
158792
158793
172197
160192
160193
160194
177531
170296
173179
201562
139893
174940
174941
174942
200029
146820
169367
169368
166634
201829
201830
160196
160197
160198
177770
199174
200031
166008
189317
180046
200183
186416
160200
160201
160202
170299
197939
197940
197941
169371
169372
166636
172711
196709
196710
201833
201565
196886
196887
148291
148292
148293
200034
197944
140005
130322
147889
148017
148018
150144
196349
196350
200036
177467
172714
201835
201836
187538
200038
149837
149838
130862
130863
130864
196546
201499
201500
189776
177470
201839
180749
130866
130867
202811
185861
185862
177987
177988
196353
196354
155110
201402
191023
197947
147893
147894
185598
177473
141210
165672
172719
148024
189780
196357
169770
168143
168144
132922
201128
201129
182506
180753
175509
174047
147897
147898
165408
188796
182186
177476
196985
195035
169606
164936
143025
144700
144701
202816
148027
185602
191315
191316
181803
181804
198772
189578
189579
189580
161509
161510
174050
174051
191318
191319
148296
148297
148391
149840
149841
149842
177479
195037
195038
198339
191076
167719
180760
196361
182189
178709
196577
171790
168247
128305
196257
161513
174054
174055
138611
149132
149133
199392
202820
162130
191322
180976
171792
142727
142728
142729
196987
162977
199059
126565
126566
126567
174057
174058
112392
112393
112394
142837
178823
178824
148138
153041
112396
112397
162980
162981
181456
150992
174061
174062
126147
126148
129242
112399
112400
112401
195842
191326
181907
181908
181201
180980
178712
178713
171796
171797
196989
199061
113496
126902
112403
112404
178592
171799
171800
199063
199064
151217
126571
126572
126573
148142
150877
150878
112406
112407
112408
165411
191329
203442
180983
142842
198776
191078
191079
203086
150798
150799
112410
112411
107297
184457
172161
181911
180985
158369
198778
181459
191081
199066
172361
172362
185493
152558
161906
112413
112414
195577
156573
178831
172364
172365
148146
193470
184460
186144
181207
156575
144299
144300
144301
152451
152452
181461
104455
104456
104457
132413
126576
126577
126578
172367
172368
199399
199400
199401
103861
103862
198650
203446
156577
192115
197388
200019
200020
172370
172371
153050
194205
193472
186147
144304
106121
92738
113501
117223
200807
106123
104123
104124
172375
172376
185499
185500
201915
181211
111498
106125
155079
191908
200809
97375
97376
97377
159340
159341
159342
183407
106127
201918
201919
196013
196014
198879
159083
172381
172382
199279
182969
179086
173529
200812
196016
189436
144186
144187
198038
200255
200256
106130
165946
165947
164023
195884
159346
196018
196019
166613
194532
159348
159349
194804
194805
196813
196814
107630
107631
107632
150273
150274
150275
198040
142112
103915
155207
181106
182574
198884
182717
127831
192562
145550
106136
189875
181108
197729
190779
190780
168222
106138
171482
179303
197731
143263
189441
196072
172490
124322
174182
166618
182721
148248
172492
155647
182299
186348
142690
196819
141591
155213
171753
183244
194811
182578
156971
190785
190786
130297
150278
150279
150280
119558
119559
119560
124136
124137
124138
189880
155650
177959
188875
183735
187220
189710
190788
202720
156904
172268
151381
151382
155652
177961
139307
141180
194813
194814
140432
173634
184088
174187
187055
177178
186353
141182
145559
193734
172271
172272
178417
184090
170477
170478
198203
198204
198205
164129
182305
177180
161429
191180
202725
150696
193736
193737
172500
195812
183250
177182
196908
152685
202727
156909
178420
127380
182308
179682
177184
147296
196624
202547
202729
202730
129170
178142
184093
198601
198602
198603
198211
198212
182310
200526
183253
168975
177186
198318
198319
178796
161433
202732
150699
150700
186959
185298
198605
198606
198607
198214
158500
177188
140439
198306
198307
198308
188291
172278
178145
196499
184096
198609
198610
198611
183742
161049
177190
199333
180549
172280
172281
200292
200293
198613
198614
198615
168979
177192
145986
202735
202736
152835
153150
203228
198617
143156
198216
200530
177194
176364
161438
178149
186963
169442
200532
202004
202005
196912
188296
148725
152838
189936
200142
200143
200534
197280
202007
202008
112029
198621
180343
163492
163493
134022
199335
117595
154813
104229
104230
125306
178153
200920
198623
200146
200147
200148
127150
165917
193593
198741
198742
200150
200151
132060
193254
135427
135428
199764
199085
197460
183050
192045
192046
202241
202242
193595
200154
108496
199937
167897
137768
200606
124623
124624
124625
165920
203065
127657
203234
203235
203236
179193
179194
187598
200924
200925
193597
112528
199939
127194
193403
193404
193405
184410
184411
183053
191419
173066
196790
129107
124627
124628
124629
171359
171360
157662
157663
200928
200929
201871
201872
169983
154414
171579
193407
165922
166049
166050
190911
127482
199771
151341
146855
194133
182947
191423
191424
201875
144116
142177
174806
199944
112441
171582
124631
124632
165925
166053
166054
191061
143423
174808
174809
150250
150251
199092
146857
171363
124432
124433
124434
143425
196793
117024
117025
117026
199094
169691
169692
169693
193411
124634
124635
194137
194138
190526
157077
164704
164705
164706
200235
130335
124637
124638
187669
194140
194141
153749
153750
153751
192169
192170
191064
197837
127541
196795
117029
167022
167023
193080
201018
166472
192172
200238
200239
127934
117031
97479
178519
133928
172547
194426
194144
194145
194146
180418
192174
192175
191066
140515
140645
172941
174816
174817
194457
194458
166475
169513
157082
180612
192177
140647
169699
169700
169701
119027
124863
124864
124865
171988
157084
140518
196175
130289
124867
124868
124869
193083
182417
195637
177382
127939
130337
202682
202683
117036
117037
117038
124871
124872
124873
187676
202411
202412
171990
201024
177384
194636
110839
176490
176491
147951
124875
124876
124877
183549
193085
202414
182136
195639
183836
180615
177386
194638
168827
196177
202858
124879
124880
124881
198708
177388
196179
178259
124883
124884
124885
183675
187410
202416
201027
195642
183838
183839
183840
194640
175036
165348
191215
191216
124887
124888
124889
178617
166591
166592
197014
171994
195644
201404
180618
177391
177652
197579
172455
172456
172457
191218
124891
124892
124893
202419
202420
166594
166595
166596
177393
105421
116766
172459
172460
172461
124895
124896
124897
104039
104040
202422
202423
166598
166599
166600
97184
197017
171997
195647
192306
177395
194644
126942
197581
197582
116768
116769
191220
124899
124900
124901
168613
168614
153393
200425
202425
166602
166603
198712
171999
172000
172001
177397
202136
175845
175846
116771
183555
165601
153975
181674
156770
148454
151112
151113
151114
170924
170925
175848
175849
198559
202361
202362
184659
184660
165603
153977
181676
181677
192310
112119
202139
146723
202983
172073
203343
160204
160205
160206
202141
146725
185402
194198
195674
161802
169374
169375
194928
184663
165605
153980
160208
160209
160210
202143
129726
146727
175853
175854
164767
172075
172202
183015
103898
184665
184666
160212
160213
160214
197372
126473
126474
126475
202987
194200
199177
184389
184497
198471
203346
184668
160216
160217
160218
199903
200040
193374
200565
203348
180050
160220
160221
160222
202148
202149
202150
160488
160489
105942
180052
150207
159281
159282
150817
150818
200042
184501
158805
158806
183020
174402
194934
190618
191025
150820
150821
200044
120691
174404
158979
180054
170307
129733
166985
168052
150823
174406
191028
188573
199908
185411
185412
185528
168147
168148
200046
193378
108576
183024
166643
166644
167039
130325
168150
168152
155115
164777
180057
170311
155236
201573
201574
182807
171527
148030
148031
200048
159385
159386
187938
190676
190677
197119
190622
111510
177995
155118
166647
166648
189584
190679
190680
174735
174736
155239
200050
159389
177483
142731
142732
190682
190683
135967
191034
191035
165823
117978
169779
168156
168157
155121
195920
171532
174959
152500
152501
182192
198110
177486
197633
166652
166653
190686
191038
191039
191040
118564
148037
196365
153541
155124
149844
149845
149846
159393
177488
142736
142737
142738
130327
196367
169783
181813
181814
181815
177490
201139
79202
163100
174066
174067
124013
136643
171803
177492
196992
172734
202602
148039
191332
185145
185146
185147
183769
183770
181141
171805
171806
162987
162988
162989
182517
202604
202605
202606
152465
183772
177495
197638
191380
182519
202608
202609
202610
180775
172300
172301
193169
193170
149143
150882
150883
183997
183998
116739
201215
199604
145878
145879
172303
172304
191336
142848
171810
197641
178060
168250
202613
202614
180778
172306
172307
126580
126581
126582
193173
199404
199405
184000
184001
131938
198533
196587
171812
195582
198350
199071
172309
172310
178966
191339
203450
172312
172313
193176
193177
198653
198654
194559
181334
199609
176287
133724
133725
133726
178066
178067
178068
199074
172315
172316
172317
126585
126586
126587
184004
184005
143193
198352
181465
192121
178070
178071
178072
172319
172320
115819
150890
150891
181919
181920
181215
181216
181217
180993
192123
192124
178074
178075
178076
199077
172322
172323
172384
172385
178971
184466
198539
181219
181220
181221
178723
198788
199613
192126
192127
178078
178079
178080
126589
126590
126591
172387
172388
189975
193182
123379
101980
178973
178974
184593
181223
182069
195588
168888
156586
192129
192130
178082
178083
178084
103625
103865
181228
181230
181231
182071
203456
181468
133730
133731
133732
178086
178087
178088
176413
176414
151231
172393
172394
194215
199284
191915
184596
181925
181225
181226
181229
182073
203458
203459
203460
152917
197499
172396
172397
203098
203099
194217
181233
181234
181235
182075
195660
195661
127224
196150
165161
137589
137590
132159
132160
172399
203101
175960
141486
164029
184599
181237
181238
181239
106141
172401
203103
203104
108581
195888
189561
106143
197502
203106
203107
170463
170464
191920
169089
171158
106145
119714
132688
193295
172404
172405
203109
203110
191922
163918
163919
163920
141490
167932
106147
196153
172407
172408
172409
200820
200821
163922
163923
163924
196028
196029
199818
169092
169167
169168
106149
152924
152925
160972
160973
191925
163926
163927
163929
193642
189446
189447
182723
192571
177758
106151
103918
200823
200824
201776
162486
162487
162488
140583
189713
189714
199821
142123
142124
169171
169172
106153
200826
187226
190417
201778
186356
190791
190792
127841
196826
106155
151386
151387
98023
179234
201780
194819
189451
182582
190794
190795
190948
190949
190950
139833
177760
172502
160977
187519
189718
190797
190798
190952
190953
130299
145564
94479
196375
195165
190955
199824
182313
164933
201784
197087
197088
182585
182729
157225
157226
172508
141007
160981
160982
152024
174195
194822
143279
143280
200197
200198
195259
190802
196083
146196
175224
175225
108682
182452
152512
197741
190804
190959
190960
190961
174859
174860
202551
173644
150288
150289
150290
142132
136505
165245
178427
182316
181118
158615
143283
143284
195170
196086
196087
202553
160753
136507
178429
195817
195818
94485
182318
177197
143286
143287
188507
157231
160755
202952
195820
198219
187468
143289
143290
200203
176368
186456
186457
180557
172513
201344
155665
177200
143292
143293
195263
195264
176370
176371
130302
202742
186968
184101
184102
183750
183751
182456
177202
195266
195267
202744
167163
201347
201348
201349
184104
155668
155669
177204
137685
185832
185833
185834
183587
171089
184106
198626
180457
177206
188606
189218
168639
168640
201352
153477
177208
139324
139325
140550
148219
148220
196508
196509
196510
200156
200157
190648
131049
177210
177211
202746
173654
188608
181847
203238
201355
200305
200306
202246
202247
200159
200160
125581
161193
161194
177213
197464
188610
178159
112034
158278
158279
201357
198630
200162
200540
177215
154693
154694
154695
104238
104239
178161
167170
194326
200308
200309
192052
192053
153889
173069
168981
149510
150649
202019
202020
202021
199340
180567
154697
197467
181851
203242
158282
158283
168646
198633
190653
197161
174538
150651
191567
191568
178164
203244
183594
183595
157758
157759
157760
191427
195989
182037
182038
182039
147224
167901
167902
200313
199018
199019
199020
195991
195992
173072
146860
189223
203247
148222
148223
196517
199948
199949
177824
197471
183071
183072
183073
179201
167765
174108
195692
124640
124641
158753
123788
167767
196090
202026
143695
195694
165258
165259
124643
124644
124645
179377
181856
194148
194149
194150
179204
179205
167457
202257
202258
174428
200938
150920
145245
173076
173077
169995
199778
143697
143698
177826
195696
165261
165262
193267
166061
189758
199953
195698
199100
150758
165264
165265
124647
124648
124649
184418
183084
183085
183086
179208
198821
157086
123791
192484
192485
159703
159704
140650
199955
144413
138414
195700
165267
151350
151351
151352
124442
124443
124444
164714
112540
140652
199782
195702
146868
124651
124652
124653
193416
194153
194154
194155
189762
174431
164716
196001
192488
177568
140654
143435
196094
165093
195704
159932
177905
155022
176788
193270
193271
182959
187978
140656
197979
199784
199785
199786
186551
195706
199104
199105
166067
182419
182420
182421
159477
140658
195708
177908
151357
124655
124656
124657
194159
192492
192493
174826
174827
110263
111535
193089
182423
182424
201738
201739
201740
141908
141909
141910
190928
130291
165761
124159
124160
124161
172555
194468
195343
201171
201742
201743
201744
180621
197983
197984
197985
182670
123819
144493
130339
160860
151361
193092
107988
183843
169629
168171
168172
132947
197987
197988
182672
182673
177913
124903
124904
124905
195625
122088
142617
172003
172004
183845
183846
183847
196058
177399
195227
197990
197991
197992
147654
126827
116773
177915
124907
124908
124909
142619
137003
183849
183850
166490
177401
141915
141916
197994
144497
202691
177917
191222
191223
124911
124912
124913
193096
187178
197021
183852
183853
183854
196061
180624
177403
195230
197996
197997
202693
202694
160864
124915
124916
124917
193098
193099
140361
201174
183856
177405
196190
202696
202697
161777
177926
178271
124919
124920
124921
170246
170247
139702
165508
202431
198717
172009
183858
183859
196063
177407
139432
161558
202699
202869
202870
202871
124923
124924
124925
202433
202434
198186
178773
183861
183862
183863
192315
192316
180627
177409
93215
93216
93217
191371
191372
124927
124928
124929
168619
195458
140365
172012
200191
183865
183866
183867
177411
123945
202702
191227
124931
124932
124933
183869
183870
183871
183906
183907
168970
162855
177414
194651
142577
135262
191229
124935
124936
124937
181029
178626
200437
200438
202438
197024
172015
181373
162857
162858
162859
163147
176510
176511
176512
118740
124939
124940
124941
200440
200441
198721
192321
93222
93223
93224
176514
176515
176516
107135
178277
168624
203353
203354
203355
178629
165613
202154
202155
176518
176519
176520
166883
196420
196421
183567
200444
158467
171700
171701
195464
181320
165615
178780
178781
192324
121400
121401
168112
166885
150826
161814
167184
196423
158716
158717
168627
168628
128154
195466
198724
197400
202994
150828
167186
196425
198477
107138
108556
181690
181691
176184
121404
121405
121406
161817
197596
197597
146834
196427
187940
197121
197122
174410
151564
151565
176186
197403
202997
193382
184509
198480
198572
197124
167740
148666
131767
196429
143065
143066
164781
164782
203360
203361
198356
198357
145729
121409
121410
199915
199916
197405
203000
199186
200052
107143
143068
143069
129477
180062
180063
181696
167841
141415
141416
203002
203003
150834
150835
143071
143072
164785
174413
180065
145732
167843
118566
197408
199188
200054
200055
184514
158818
158819
166185
143074
143075
166656
158897
158898
108563
129586
167746
201580
200057
200058
191963
195924
159396
189332
158900
180067
198360
199690
163840
167846
197410
117984
185539
185540
199190
176782
162145
159398
196726
154351
144207
144208
144209
200241
199922
199923
129746
187732
179133
179134
193386
159400
183036
167094
167095
176813
199693
199694
177791
197957
189795
109858
167097
180070
198362
169616
93045
93046
144211
144212
201584
169789
200063
200064
200065
144021
172633
177498
194699
194700
174746
174747
201853
188586
165879
194053
200735
149848
149849
149850
111611
189596
180073
190628
199698
139919
117990
181822
189598
189599
189600
182606
199700
191618
178008
181824
201146
182608
190840
190841
121509
146378
149149
164858
177503
196996
135981
196734
200248
181827
190464
189604
189605
189606
190699
136498
200250
157175
126158
126159
162354
139211
189608
201411
190847
190848
202619
202620
172325
172326
157177
122159
126281
126282
184007
184008
194059
194060
142856
162356
142752
189610
191390
170037
201413
201414
172328
172329
172330
136501
196268
196269
122161
160325
182361
181145
149852
149853
149854
142754
140336
189612
182530
182531
200208
200209
182613
172332
172333
196271
196272
124027
124028
124029
149154
181147
195591
197002
201150
150492
150493
130173
178090
178091
178092
172335
172336
196274
196275
110827
184010
184011
177276
142756
181470
201226
191090
191091
178094
178095
178096
172338
172339
196277
196278
196279
202841
202842
165426
147097
183784
183785
183786
164862
171825
171826
177278
197005
191395
201418
131311
150111
125932
172341
172342
196281
193188
165428
198660
195595
150003
183301
159491
159492
168894
202499
177280
196283
196284
196285
110831
147100
188813
181929
119201
195597
183303
183304
183305
181473
191095
176424
175964
126288
126289
168897
168898
181475
192450
192451
192452
202627
160543
184015
184016
178384
108539
142865
171831
171832
195600
177283
177284
178852
192454
194918
158135
202629
149588
149589
160545
151238
172411
172412
203113
184605
161100
161101
191097
191098
160547
189986
203115
184607
182081
166578
177287
165581
165582
