103603
103604
103624
103625
103636
103637
103638
103660
103661
103740
103741
103855
103856
103860
103861
103862
103864
103865
103866
103869
103870
103871
103872
103876
103877
103881
103882
103889
103890
103893
103894
103897
103898
103899
103900
103901
103902
103905
103906
103909
103910
103911
103912
103914
103915
103917
103918
103919
103920
103921
103922
103923
103924
103925
103926
103927
103928
103929
103930
103931
103932
103933
103946
103947
103948
103949
103950
103952
103953
103954
104007
104008
104025
104026
104027
104028
104038
104039
104040
104068
104069
104070
104122
104123
104124
104137
104138
104139
104160
104161
104183
104228
104229
104230
104237
104238
104239
104428
104429
104430
104454
104455
104456
104457
104993
104997
105001
105004
105020
105032
105035
105043
105051
105094
105154
105160
105175
105182
105185
105187
105198
105219
105226
105228
105229
105230
105231
105270
105278
105296
105313
105377
105378
105394
105395
105398
105420
105421
105502
105503
105528
105529
105530
105531
105546
105547
105692
105693
105696
105697
106112
106113
106114
106115
106116
106117
106118
106119
106120
106121
106122
106123
106124
106125
106126
106127
106129
106130
106131
106132
106133
106135
106136
106137
106138
106140
106141
106142
106143
106144
106145
106146
106147
106148
106149
106150
106151
106152
106153
106154
106155
106157
106158
106163
106164
106165
106166
106167
106169
106174
106175
106176
106177
106178
106179
106180
106481
106482
106483
106484
106485
106486
106487
106488
106489
106490
106522
106523
106524
106525
106526
106528
106529
106530
106531
107037
107041
107042
107044
107045
107048
107049
107053
107054
107057
107058
107059
107060
107065
107066
107068
107069
107072
107073
107075
107076
107077
107078
107080
107081
107086
107087
107089
107090
107092
107093
107095
107096
107104
107105
107106
107107
107111
107112
107114
107115
107134
107135
107137
107138
107142
107143
107781
107884
107885
107889
107890
107893
107894
107904
107905
107907
107908
107909
107910
107913
107914
107915
107917
107918
107919
107920
107946
107947
107948
107950
107951
107987
107988
107990
107991
107994
107995
107996
107997
107998
108003
108004
108007
108009
108010
108011
108018
108019
108020
108024
108026
108028
108042
108043
108046
108058
108059
108061
108063
108190
108191
108192
108193
108194
108195
108197
108198
108199
108200
108468
108478
108479
108486
108487
108495
108496
108500
108501
108538
108539
108545
108546
108555
108556
108562
108563
108575
108576
108580
108581
108587
108588
108593
108594
110754
110755
110756
110757
110758
110760
110761
110762
110763
110764
110765
110766
110767
111387
111388
111390
111391
111392
111393
111394
112391
112392
112393
112394
112395
112396
112397
112398
112399
112400
112401
112402
112403
112404
112405
112406
112407
112408
112409
112410
112411
112412
112413
112414
114871
115458
116975
116976
116977
116978
116979
116980
116981
116982
116983
116984
116985
116986
116987
116988
116989
116990
116991
116992
116993
116994
116995
116996
116997
116998
116999
117000
117001
117002
117003
117004
117006
117007
117008
117009
117010
117011
117012
117013
117014
117015
117016
117017
117018
117019
117020
117021
117022
117023
117024
117025
117026
117027
117028
117029
117030
117031
117032
117033
117035
117036
117037
117038
117573
117574
117580
117581
117589
117590
117594
117595
119546
119547
119548
119549
119550
119551
119552
119553
119554
119555
119556
119557
119558
119559
119560
119573
119574
119575
119576
119577
119578
119579
119580
119584
119585
119586
119588
119589
119590
119591
119592
119593
119594
119595
119768
119769
119770
119771
119772
119773
119774
119775
119776
119777
119778
119779
119780
119781
119782
119783
119784
119786
119787
119788
119789
119790
119791
119792
119793
119794
119795
119796
119797
119798
119799
119800
119801
124047
124048
124049
124050
124053
124054
124055
124056
124062
124063
124064
124065
124072
124073
124074
124075
124101
124102
124103
124104
124124
124125
124126
124127
124153
124154
124155
124156
124158
124159
124160
124161
124164
124165
124166
124167
124194
124195
124196
124197
124206
124207
124208
124209
124210
124211
124212
124213
124395
124396
124397
124398
124431
124432
124433
124434
124441
124442
124443
124444
124605
124606
124607
124608
124609
124610
124611
124612
124613
124614
124615
124616
124617
124618
124619
124620
124621
124622
124623
124624
124625
124626
124627
124628
124629
124630
124631
124632
124633
124634
124635
124636
124637
124638
124639
124640
124641
124642
124643
124644
124645
124646
124647
124648
124649
124650
124651
124652
124653
124654
124655
124656
124657
124658
124659
124660
124661
124663
124664
124665
124666
124667
124668
124669
124670
124671
124672
124673
124674
124675
124676
124677
124678
124679
124680
124681
124682
124683
124684
124685
124686
124687
124688
124689
124690
124691
124692
124693
124694
124695
124696
124697
124698
124699
124700
124701
124702
124703
124704
124705
124706
124707
124708
124709
124710
124711
124712
124713
124714
124715
124716
124717
124718
124719
124720
124721
124722
124723
124724
124725
124726
124727
124728
124729
124730
124731
124732
124733
124734
124735
124736
124737
124738
124739
124740
124741
124742
124743
124744
124745
124746
124747
124748
124749
124750
124751
124752
124753
124754
124755
124756
124757
124758
124759
124760
124761
124762
124763
124764
124765
124766
124767
124768
124769
124770
124771
124772
124773
124774
124775
124776
124777
124778
124779
124780
124781
124782
124783
124784
124785
124786
124787
124788
124789
124790
124791
124792
124793
124794
124795
124796
124797
124798
124799
124800
124801
124802
124803
124804
124805
124806
124807
124808
124809
124810
124811
124812
124813
124814
124815
124816
124817
124818
124819
124820
124821
124822
124823
124824
124825
124826
124827
124828
124829
124830
124831
124832
124833
124834
124835
124836
124837
124838
124839
124840
124841
124842
124843
124844
124845
124846
124847
124848
124849
124850
124851
124852
124853
124854
124855
124856
124857
124858
124859
124860
124861
124862
124863
124864
124865
124866
124867
124868
124869
124870
124871
124872
124873
124874
124875
124876
124877
124878
124879
124880
124881
124882
124883
124884
124885
124886
124887
124888
124889
124890
124891
124892
124893
124894
124895
124896
124897
124898
124899
124900
124901
124902
124903
124904
124905
124906
124907
124908
124909
124910
124911
124912
124913
124914
124915
124916
124917
124918
124919
124920
124921
124922
124923
124924
124925
124926
124927
124928
124929
124930
124931
124932
124933
124934
124935
124936
124937
124938
124939
124940
124941
124942
124943
124944
124945
124946
124947
124948
124949
124950
124951
124952
124953
124954
124955
124956
124957
124958
124959
124960
124961
124962
124963
124964
124965
126081
126082
126083
126084
126659
126660
126661
126662
126666
126667
126668
126669
128700
128701
128702
128703
130287
130288
130289
130290
130291
130292
130293
130294
130295
130296
130297
130298
130299
130301
130302
130303
130304
130306
130307
130308
130309
130310
130311
130312
130313
130314
130315
130316
130317
130318
130319
130321
130322
130324
130325
130326
130327
130328
130329
130330
130331
130332
130333
130334
130335
130336
130337
130338
130339
130340
130341
130343
130344
130345
130346
130348
130349
130666
130667
130668
130669
136497
136498
136500
136501
136504
136505
136506
136507
136508
136509
136510
136512
136513
136514
136515
136527
136528
136529
136530
136532
136533
136535
136536
136537
136538
136539
136540
136541
136542
136543
136544
136545
136546
136547
136548
136549
136550
136551
136552
136553
136554
136555
136556
136558
136559
136560
136561
136562
136563
136564
136565
136566
136567
136568
136569
136570
136571
136572
136573
136574
136575
136576
143038
143039
143040
143041
143042
143043
143064
143065
143066
143067
143068
143069
143070
143071
143072
143073
143074
143075
143076
143077
143078
143080
143081
143082
143083
143084
143085
143110
143111
143112
143113
143114
143115
143116
143117
143118
143120
143121
143122
143123
143124
143125
143126
143127
143128
143129
143130
143131
143132
143133
143134
143135
143136
143137
143278
143279
143280
143282
143283
143284
143285
143286
143287
143288
143289
143290
143291
143292
143293
143294
143295
143296
143297
143298
143299
143300
143301
143302
143303
143304
143305
143306
143307
143308
143309
143310
143311
143312
143313
143314
143315
143316
143317
143318
143319
143320
143321
143322
143325
143326
143327
143328
143329
143330
143331
143332
143333
143334
143335
143336
143337
143338
143339
143340
143341
143342
143343
143344
143345
143346
143347
143348
143604
143605
143606
143607
143797
143798
143799
143800
143801
143802
143803
143804
144206
144207
144208
144209
144210
144211
144212
144214
144215
144216
144217
144267
144268
144269
144270
144271
144272
144273
144274
144275
144276
144277
144278
144279
144280
144281
144282
144283
144284
144285
144286
144287
144288
144289
144290
144291
144292
144293
144330
144331
144332
144334
144335
144336
144337
144338
144339
144340
144341
144342
144343
144344
144345
144346
144347
144348
144349
144350
144351
144352
144354
144355
144356
144357
144358
144359
144360
144361
144363
144364
144365
144366
144368
144369
144370
144371
144372
144373
144374
144375
144376
144377
144378
144379
144381
144382
144383
144384
144386
144387
144388
144389
144390
144391
144392
144393
147609
148050
148051
148052
148184
148185
148186
148187
148188
148189
148190
148191
148192
148193
148195
148196
148197
148209
148210
148211
148212
148213
148214
148215
148216
148217
148218
148219
148220
148221
148222
148223
148224
148225
148226
148290
148291
148292
148293
148295
148296
148297
148298
148299
148300
148302
148303
148304
148305
148306
148307
148333
148334
148335
149832
149833
149834
149835
149836
149837
149838
149839
149840
149841
149842
149843
149844
149845
149846
149847
149848
149849
149850
149851
149852
149853
149854
149855
149856
149857
149858
150246
150247
150248
150249
150250
150251
150272
150273
150274
150275
150277
150278
150279
150280
150287
150288
150289
150290
150291
150292
150293
150294
150295
150296
150297
150298
150299
150621
150622
150623
150624
150629
150630
150631
150632
150633
150634
150635
150636
150637
150638
150641
150642
150643
150789
150790
150791
150792
150793
150794
150797
150798
150799
150800
150801
150802
150804
150805
150806
150807
150808
150809
150833
150834
150835
150841
150842
150843
150846
150847
150848
150851
150852
150853
150860
150861
150862
150866
150867
150868
150871
150872
150873
150876
150877
150878
151103
151104
151105
151111
151112
151113
151114
151861
152205
152206
152207
152208
152427
152428
152429
152430
152431
152432
152433
152434
152435
152436
152437
152438
152439
152440
152441
152442
152443
152444
152445
152446
152447
152448
152449
152450
152451
152452
152453
152454
152455
152456
152458
152459
152460
152461
152462
152463
152464
152465
152684
152685
152711
152712
152713
152714
152715
152716
152717
152718
152719
152720
152721
152722
152723
152724
152725
152726
152727
152728
152729
152730
152731
152732
152733
152734
152735
152736
152737
152738
152739
152740
152741
152742
152743
152744
152745
152746
152747
152748
152749
152750
152751
152752
152753
152754
152755
152756
152757
153079
153080
153081
153082
153083
153084
153085
153086
153087
153088
153089
153090
153091
153092
153093
153322
153323
153324
153695
153696
153697
153698
154007
154008
154009
154010
154011
154012
154013
154014
154015
154016
154017
154018
154019
154020
154021
154022
154023
154024
154025
154026
154027
154028
154029
154030
154031
154032
154033
154034
154035
154036
154037
154038
154039
154040
154041
154042
154043
154044
154045
154046
154047
154048
154049
154050
154524
154525
154526
154527
154528
154529
154530
154531
154532
154533
154534
154535
154536
154537
154538
154539
154540
154541
154542
154543
154621
154622
154623
154624
154625
154626
154627
154628
154629
154630
154631
154632
154633
154634
154635
154636
154637
154638
154639
154640
154641
154642
154643
154644
154645
154646
154647
154648
154649
154650
154651
154652
154663
154664
154665
154669
154670
154671
154672
157790
157791
157792
157793
157794
157795
157796
157797
157798
157799
157800
157801
157802
157803
157804
157805
157806
157807
157808
157809
157810
157811
157812
157813
157814
157815
157816
157817
157818
157819
157820
157821
157822
157823
157824
157825
157826
157827
157828
158277
158278
158279
158281
158282
158283
158284
158285
158286
158287
158288
158289
158290
158291
158292
158293
158294
158295
158296
158297
158298
158299
158300
158301
158302
158303
158304
158305
158306
158307
158308
158309
158310
158311
158312
158313
158314
158315
158316
158317
158318
158319
158320
158321
158322
158323
158324
158325
158326
158327
158328
158329
158330
158331
158332
158333
158647
158648
158649
160016
160017
160018
160019
160020
160021
160022
160023
160024
160025
160026
160027
160028
160029
160030
160031
160032
160033
160034
160035
160036
160167
160168
160169
160170
160171
160172
160173
160174
160175
160176
160177
160178
160179
160180
160181
160182
160183
160184
160185
160186
160187
160188
160189
160190
160191
160192
160193
160194
160195
160196
160197
160198
160199
160200
160201
160202
160203
160204
160205
160206
160207
160208
160209
160210
160211
160212
160213
160214
160215
160216
160217
160218
160219
160220
160221
160222
160609
160610
160611
160612
160614
160615
160616
160617
160618
160619
160620
160621
160622
160623
160624
160625
160627
160628
160629
160630
160631
160632
160633
160634
160635
160636
160637
160777
160778
160779
160780
160781
160782
160783
160784
160785
160786
160787
160788
160789
160790
160791
160792
160793
160794
160795
160796
160797
160798
160799
160800
160801
160802
160803
160804
160805
160806
160807
160808
160809
160810
160811
160812
160813
160814
160815
160816
160817
160818
160819
160820
160821
160822
160823
160824
160825
160826
160827
160828
160829
160830
162105
162106
162107
162108
162109
162110
162186
162187
162338
162363
162364
162365
162366
162368
162369
162370
162371
162376
162377
162378
162379
162382
162383
162384
162385
162396
162397
162398
162399
162406
162407
162408
162409
162414
162415
162416
162417
162419
162420
162421
162422
162423
162424
162425
162426
162430
162431
162432
162433
162436
162437
162438
162439
162463
162464
162465
162466
162472
162473
162474
162475
162481
162482
162483
162484
162485
162486
162487
162488
162491
162508
162512
162518
163332
163333
163341
163342
163343
163344
163345
163346
163347
163348
163361
163362
164657
164659
164660
164661
164662
164663
164664
164665
164666
164667
164668
164669
164670
164671
164672
164673
164674
164675
164676
164677
164866
164867
164868
164869
164870
164871
164872
164873
164874
164875
164876
164877
164878
164879
164993
164994
164995
164996
164997
164998
164999
165000
165001
165002
165003
165004
165005
165006
165007
165008
165010
165011
165012
165013
165014
165015
165016
165017
165018
165019
165020
165021
165022
165023
165024
165025
165026
165027
165028
165029
165030
165031
165032
165033
165034
165035
165036
165037
165038
165039
165040
165041
165042
165043
165044
165045
165047
165048
165049
165050
165051
165052
165053
165054
165055
165056
165057
165058
165059
165060
165061
165062
165063
165064
165065
165066
165067
165068
165069
165070
165071
165072
165073
165074
165075
165076
165077
165078
165079
165080
165081
165082
165083
165084
165085
165086
165087
165088
165089
165090
165091
165092
165093
165094
165095
165096
165097
165098
165099
165100
165101
165102
165103
165104
165105
165106
165107
165108
165109
165110
165111
165112
165113
165114
165115
165116
165117
165118
165119
165120
165121
165122
165123
165124
165125
165126
165127
165128
165213
165268
165269
165270
165271
165272
165273
165274
165275
165276
165277
165278
165279
165280
165281
165282
165283
165284
165285
165286
165287
165457
165458
165459
165460
165461
165462
165463
165464
165465
165466
165467
165468
165469
165470
165471
165472
165473
165474
165475
165476
165478
165479
165480
165481
165484
165485
165486
165487
165488
165489
165490
165491
165609
165610
165611
165612
165613
165614
165615
165616
165617
165618
165619
165620
165621
165622
165623
165624
165625
165626
165629
165630
165665
165666
166587
166588
166589
166590
166591
166592
166593
166594
166595
166596
166597
166598
166599
166600
166601
166602
166603
169556
169557
169558
169559
169560
169561
169562
169563
169564
169565
169566
169568
169569
169570
171494
171495
171507
171508
171509
171510
171511
171512
171513
171514
171515
171795
171796
171797
171798
171799
171800
171802
171803
171804
171805
171806
171967
171968
171969
171970
171971
171972
171973
171974
171975
171976
171977
171978
171979
171980
171981
171982
171983
171984
171985
171986
171987
171988
171989
171990
171991
171992
171993
171994
171995
171996
171997
171998
171999
172000
172001
172002
172003
172004
172293
172294
172295
172296
172297
172298
172299
172300
172301
172302
172303
172304
172305
172306
172307
172308
172309
172310
172311
172312
172313
172314
172315
172316
172317
172318
172319
172320
172321
172322
172323
172324
172325
172326
172327
172328
172329
172330
172331
172332
172333
172334
172335
172336
172337
172338
172339
172340
172341
172342
172360
172361
172362
172363
172364
172365
172366
172367
172368
172369
172370
172371
172372
172373
172374
172375
172376
172377
172378
172379
172380
172381
172382
172383
172384
172385
172386
172387
172388
172389
172390
172391
172392
172393
172394
172395
172396
172397
172398
172399
172400
172401
172402
172403
172404
172405
172406
172407
172408
172409
172410
172411
172412
174115
174116
174117
174118
174119
174120
174121
174122
174124
174125
174126
174127
174128
174129
174130
174131
174132
174133
174134
174135
174136
174137
174138
174139
174140
174141
174142
174143
174144
174145
174146
174147
174148
174149
174150
174151
174153
174154
174155
174156
174157
174158
174159
174160
174166
174167
174168
174169
174171
174172
174173
174174
179950
180649
180650
180651
180652
180653
180654
180655
180656
180657
180658
180659
180660
180661
180662
180663
180664
180665
180666
180667
180668
180669
180670
183118
183119
183120
183121
183122
183123
183124
183125
183126
183127
183128
183129
183130
183131
183132
183133
183134
183135
183136
183137
183138
183139
183140
183141
183142
183143
183144
183145
183146
183147
183148
183152
183153
183154
183155
183156
183157
183158
183159
183160
183161
183162
183163
183164
183165
183166
183167
183168
183169
183170
183171
183172
183173
183174
183175
183176
183177
183179
183180
183181
183182
183183
183184
183185
183186
183187
183188
183189
183266
183267
183268
183269
183300
183301
183302
183303
183304
183305
183306
183307
183308
183309
183310
183311
183312
183313
183314
183315
183316
183317
183318
183319
183320
183321
183323
183324
183325
183326
183441
183505
183506
183507
183508
