124911
184694
124755
124708
198203
165479
124835
149833
133630
133724
171513
147920
195009
144280
124927
149840
174145
119578
117019
200146
121716
152754
174154
124763
126571
124847
194153
152737
124899
191151
184685
190959
119774
176220
174936
119554
183222
124684
189598
143605
124195
183160
153084
181585
195442
124959
112392
188054
203135
124692
180668
201442
183526
192351
200351
189578
142823
185461
202869
124623
124947
124963
174015
126473
182622
124747
163926
172328
144276
176522
189401
172459
167905
157742
183784
174125
124048
191738
183861
144272
185123
154670
124791
124054
171870
163922
124651
194144
192579
124903
190815
162987
162464
176118
189303
183319
154630
202659
123837
174035
197983
152728
130862
198613
159340
181237
202765
116998
138618
202772
153696
146362
154646
124855
117036
181215
195446
174116
108193
178090
124819
104455
174149
124759
162431
124131
42601
174932
124696
126580
176518
124823
183852
170980
144231
93222
124907
186726
174167
121704
186714
119795
144350
196666
117009
143316
144359
119770
200274
124803
170962
124743
124831
149848
143346
124680
124867
181538
160200
124767
195235
174928
160180
124073
160176
183084
121421
126585
124432
119574
150288
151112
144382
180652
191813
193403
154529
126589
190754
97375
197916
178094
174031
162897
126667
119589
203458
124700
183171
165462
124739
166844
172315
124871
144268
147195
165489
202604
166598
166594
166389
124668
116991
157817
124839
148291
183210
124396
183071
183838
121840
203175
160184
124655
93215
143798
119550
124676
124688
124811
154626
116978
160212
183324
187148
128701
163930
124207
182052
183180
124951
178086
119782
119799
152436
124165
174027
143304
143320
184729
150278
183143
119787
165893
144355
182129
181233
183128
143330
158297
144299
162420
158321
192450
124442
190969
124863
194148
162889
183164
201487
124787
124887
200063
152432
172435
199359
171999
187132
152750
183845
189428
183119
170156
152716
162893
172439
124919
121827
197925
162415
150273
124883
152741
124627
124939
183175
128259
203200
116987
202394
160188
167909
199643
176534
188146
172431
174022
143802
189644
188153
124843
183156
165470
183303
116699
154634
174916
197939
119791
183865
133730
172451
186718
154693
171502
152723
185832
119778
195553
121447
109653
117002
124771
176542
172447
144237
185145
198306
176530
202761
121726
143334
202148
174008
152712
148079
202204
144207
190948
174908
203234
184024
201428
199366
126561
172455
124102
117024
201738
124732
183876
176526
194542
172407
124664
98252
128347
194449
173994
198981
160192
144387
124712
162486
202066
143342
144137
197934
126660
199018
154638
150622
174940
193119
182037
124724
174172
124827
174133
183869
187136
166853
189604
124720
165485
203188
170152
180664
200094
163466
191968
182636
124943
196508
183139
124807
164294
181613
144369
195095
124090
128341
104026
182272
124795
124659
162437
201347
174129
144284
166849
169691
124955
160827
174141
124643
164290
124040
154028
124647
176514
197990
121440
167977
202560
201742
123914
181225
142736
197921
112406
152206
124159
124027
141908
196290
144373
183820
162397
199784
160204
185845
188147
201195
200552
161468
160196
152745
193051
160208
195122
202466
164704
143326
165474
181581
174039
124615
202706
176225
182419
178066
124775
160168
162885
121853
126565
174920
202647
198605
141271
160820
162473
126576
151350
181576
124136
124211
162369
201432
174043
126495
121846
124915
121404
187270
162424
200282
178070
154022
196283
191831
112399
203213
124125
181228
163295
124815
199112
193538
147428
162364
182928
152443
178082
174120
117013
174924
162108
121697
181219
126488
199399
192372
174912
148185
124728
124851
154541
116983
174158
176546
162482
124879
201328
154086
143338
124154
143308
186722
124783
180656
154525
166439
201446
178078
144145
201232
189421
187152
162383
162377
163918
202197
202608
124859
203353
180660
162407
203180
107630
149856
162857
154533
196277
119558
174137
200520
198609
186706
178074
190491
153749
160216
128253
149852
165458
176510
152428
124935
157758
121430
160220
197929
165897
171498
152447
181813
158592
194291
150630
181567
124035
144215
182083
124704
184718
144391
154622
126082
187144
195131
198601
144288
157813
142727
197056
144364
124875
186710
172443
137649
172427
154537
192988
154642
149844
124751
124672
165466
141453
169699
143312
183506
124716
144377
200170
124895
119593
123923
124063
202019
130667
160172
124619
183883
124923
164298
124931
124799
162865
190856
187140
124891
191038
176538
124779
181238
195554
121828
180669
143339
203201
162378
183821
176119
202609
184686
174032
183839
186711
119788
181230
194292
194154
128260
172452
160197
174937
124397
124137
152448
173995
176527
192451
202766
180661
181220
160217
124868
130863
143799
174130
154647
183085
182273
142824
124956
176539
148080
190755
187137
160177
124644
189429
189605
196291
126668
117025
117010
181568
181539
183846
119779
196284
183325
174909
152724
165898
200147
200352
200553
190970
154623
187133
124828
198606
154534
162890
97376
117037
119800
124848
182420
154087
124677
124768
162365
203181
121841
124852
196509
121717
126083
152755
116999
119590
191152
147921
172428
196278
166845
153697
104456
124944
104027
181586
188149
124860
201429
188148
124652
164705
148186
189599
144370
117003
167910
199785
198614
124904
165471
192989
178079
174155
194543
119555
197984
174933
124729
186723
152751
124772
144360
144289
121441
133631
144351
201433
162858
119575
146363
162465
150623
126577
186707
200283
178067
144388
152742
190857
152207
124836
174913
126586
164291
183161
124433
195447
172448
162474
183785
165475
124948
202762
124752
107631
199400
124820
141272
124693
124616
184730
183877
157759
190960
147196
154023
160169
202561
202605
186727
124721
162483
142737
144238
124725
174121
124697
152437
183853
203136
202067
162898
174142
143803
183304
178071
183320
144138
124689
174028
157814
150631
194145
184719
199113
189579
197917
181577
167906
183120
176519
174173
191969
202395
201743
124041
126661
191039
198204
158322
190949
187153
153750
133731
108194
124132
124896
165459
172460
144216
191814
188154
183176
124940
181226
183157
174150
154694
152444
124126
117014
128702
112393
162425
124796
183866
154538
151113
124864
124628
181234
150279
126474
162487
174036
166854
174146
124888
162438
167978
171514
176547
192352
174159
200275
200064
174044
194149
143335
154631
150274
162416
148292
124856
201488
183144
201443
124804
124036
133725
183862
174917
182637
203189
166595
190492
174138
202870
124685
121431
143309
124744
154671
124648
152713
202707
124212
165490
172436
160181
124049
174941
143343
124733
195443
174023
183223
160828
203354
144383
124784
121448
201447
162109
183072
197991
126496
143327
152746
202660
202467
160209
116988
121705
201739
124055
152717
124840
172432
174929
119783
143317
154526
143313
162432
124808
200521
124928
202648
170153
162894
174168
142728
166850
176511
124776
170963
165467
182929
128348
121698
196667
172408
149845
124876
195123
126572
172444
166599
124844
197940
124196
153085
183870
124713
157818
174040
124103
189645
124952
147429
124669
172440
121422
116979
182084
124924
195132
154530
150289
164299
121405
160201
144365
124705
186719
163927
203459
152729
121727
203176
195236
124709
189402
121847
109654
124960
124091
128342
124155
124908
160173
141454
188055
174134
183507
143321
124717
182053
193120
185833
124028
124701
116700
123838
171503
195010
112400
144281
157743
112407
202020
124912
193052
178095
158593
119796
184695
165486
178075
172329
143305
152433
192373
124824
126562
144273
197922
162421
160193
124673
183140
162866
178091
163919
124620
154029
144356
159341
124764
176226
163296
176515
169700
200171
124936
124932
185846
124964
202773
162398
144300
165894
176543
119775
174925
191739
149849
181216
124064
166390
124443
197930
137650
119771
183527
172456
183884
203235
178087
141909
165480
199644
119551
197926
183172
124880
182623
176535
119594
42602
189422
174117
154627
119579
163923
117020
163931
199019
138619
186715
187141
149834
203214
201329
161469
176531
124681
160205
174009
189304
171499
160185
164295
199360
124872
124916
93216
124900
183165
121854
181814
185462
152429
199367
116992
160221
126489
178083
174921
202198
202149
124665
185146
144269
98253
126581
126566
185124
123924
195096
119792
201233
192580
183181
143347
119559
124756
201348
181614
130668
144232
144277
149857
124166
169692
124624
124816
124832
162886
180653
124160
183211
172316
198610
182130
124812
170981
163467
144285
160213
194450
123915
176523
126590
93223
158298
165463
190816
124760
187149
124780
124208
116984
180665
149853
154635
172000
154639
200095
197935
124748
124792
170157
124892
143331
160189
193404
183130
149841
124788
201196
198982
144392
181582
187271
166440
191832
184025
176221
202205
151351
124660
174016
143606
182038
144146
171871
144378
124920
154542
198602
154643
144374
124800
162370
162988
124074
180657
198307
174126
160821
162408
144208
124884
193539
162384
124656
128254
197057
124740
152738
187145
144371
124953
123925
162887
201430
201740
154632
183121
126591
174942
176227
190817
172437
143800
164292
124645
126578
119556
124075
174156
149854
124893
147430
151114
162891
165899
123916
186712
202606
126567
150624
194150
189403
184731
152739
124869
190756
167979
200096
162417
202021
143318
171872
195133
124161
199368
198308
160182
152445
176532
93224
182274
124686
147197
124722
143322
124765
170158
149846
154644
200284
176512
196285
124209
178096
172429
133726
166596
124817
170154
133632
200353
124666
126669
203190
160178
162433
162895
203215
183822
187154
124092
166441
128703
187150
119797
148293
197058
162399
130864
200148
143607
124909
178068
119801
144217
124674
144147
191040
183177
121855
124881
162439
162379
124825
198983
124702
124757
154628
196279
119591
154543
183158
183871
192990
185847
124789
124897
174122
141455
154030
178080
124138
181583
124127
200276
121842
174930
121423
170964
174041
158323
124793
172453
183212
203177
202767
186708
154695
202206
165460
124661
124726
195097
124649
181235
188150
121706
174926
163920
200065
182054
202199
189305
202871
107632
160829
124042
116980
126497
124917
187146
203182
152430
174127
182085
124901
190858
162475
121728
167907
181815
183182
182930
163468
124753
203460
183173
165481
184687
138620
143310
170982
152752
189430
154527
126662
202396
128349
174174
119576
152747
181239
189580
174151
181231
149850
124837
124670
183131
124065
124845
124965
152434
183878
185834
162899
183321
182421
124801
116993
191970
124056
199020
123839
162409
203355
124678
160222
166846
199645
124781
143332
180658
193121
163297
124104
196668
144278
124841
121449
183162
143314
201444
174029
185463
182131
124734
202774
193053
160822
201349
144233
191740
124857
172461
194544
142825
190950
142738
197992
184720
183867
201744
152730
160174
124949
124629
183073
197936
117038
165491
124885
181587
164300
154531
117000
160190
201489
124653
166391
119580
163932
160198
202468
144286
144282
124690
178072
154636
172433
172001
124434
144239
181569
148187
197923
165476
181578
183847
119552
195124
157760
124769
124829
124167
185125
117021
158594
142729
117011
162385
191153
126587
126563
124957
197941
112394
202150
160206
97377
104028
194146
183508
152718
183840
119793
144270
119560
152208
124749
202661
178088
163929
128343
196292
143306
202708
143340
144366
152449
176540
124037
197985
119776
158299
116989
154672
162989
188151
197918
119780
104457
174139
124745
160214
183224
169701
165472
143348
124197
159342
192374
191833
119789
152725
199786
124861
154088
128261
124905
203236
124444
171504
149858
154024
144301
178092
187142
143336
202562
144375
124156
124921
195011
148081
183145
196510
199401
201197
119784
203137
124133
181615
201434
176222
197927
124714
124925
141910
162859
124889
144379
178084
198615
124773
162110
194293
180666
147922
183141
124706
112408
174017
174910
181221
124730
178076
164706
157815
124853
187272
124213
144357
201330
192581
143328
188155
201448
141273
124849
157819
166855
174033
137651
172441
180670
183305
174131
119595
116701
165464
174934
124797
149835
189600
185147
202763
150632
174914
172317
124398
172445
180654
187138
153698
186720
121406
174118
189423
117015
173996
124937
174024
202610
124710
162466
124933
108195
174037
181217
174169
183086
126490
124682
165895
133732
153751
128255
174922
124657
198611
176536
200172
150290
93217
162371
172409
160210
203202
198607
144389
181229
192452
191815
176120
152756
197931
199114
162488
200522
144393
166851
186724
194451
171515
171500
184696
124865
144209
117026
117004
116985
199361
124941
149842
154539
193540
195237
121829
124694
160170
166600
167911
174160
192353
202068
124913
124617
143344
201234
183326
169693
124761
189606
160218
174135
130669
174143
124833
112401
162366
154535
161470
174045
152714
151352
183863
126582
188056
124809
174147
126573
193405
182039
121718
124945
186716
190961
174918
176516
172449
189646
144139
186728
121699
165487
152743
144361
164296
157744
181540
124718
153086
176528
144290
124625
154624
176524
144384
124821
154640
124029
174010
163924
124961
184026
124698
160202
174938
126084
198603
198205
124873
160194
150275
98254
124813
162867
124805
121442
126475
202649
187134
124785
195444
124929
124777
182638
194155
183786
183854
195555
183528
42603
176548
160186
121432
190493
144274
144352
183885
124621
124877
162426
109655
162422
146364
162484
183166
176544
165468
143804
200554
180662
150280
190971
172330
172457
152438
124050
121848
119772
176520
182624
154648
124741
195448
140047
158369
152456
197873
184534
192471
183244
177490
161558
123420
185493
177262
112119
202656
195259
142320
147860
166634
160336
169360
155207
170429
151526
177164
193407
199246
201286
189436
198559
189776
201092
177356
158753
169269
159255
182992
198482
202570
199257
196121
96303
193395
164856
140703
202820
160936
197833
181639
93156
189768
191920
192474
107090
129107
108556
147889
200267
197484
195884
194865
171582
189567
160808
158615
177452
177231
169513
160293
177043
171511
193416
201018
200976
178966
176166
180489
202443
169579
197028
125957
195321
184621
160801
200951
199700
129129
177926
106141
156586
199991
168975
171363
202925
152673
150758
166276
203086
177206
201915
165211
160551
125932
196210
185243
196429
197551
136507
178008
167188
179988
167841
200068
183636
181633
181108
166061
124404
196213
164129
121527
188787
146419
98044
203282
190788
196837
180672
181094
182496
169485
199094
194118
172886
176813
192025
154378
177435
114667
192103
183036
143691
156549
196996
196734
189880
107920
169358
197538
202416
199955
129596
179690
202578
193311
189477
117574
179303
112514
181137
192158
160781
182979
128946
120691
175282
126942
103856
140365
188560
193453
148039
193606
199709
196479
140720
180976
197313
151259
193434
170088
180273
200174
155880
166244
199818
178281
182717
191468
148836
108594
151695
179968
183307
180778
127171
167751
194420
177182
201278
119201
177933
197651
133928
151704
140979
183587
199415
177414
187236
196517
129632
184514
160710
196912
197878
199211
160290
151445
183050
162629
192087
200585
172516
180722
190813
201539
181147
130297
194822
140914
79029
166723
146729
196094
161476
139702
153541
202479
173977
185379
151540
112023
176184
127150
140977
177305
119720
135123
198776
163737
104951
174428
112439
175086
98388
103882
180639
107073
182339
192007
196425
130547
142371
167818
189584
187044
169779
177184
189886
182585
202071
191211
110563
200565
196571
190057
201814
177291
202464
166027
153587
193244
123819
182186
181869
181207
142177
129472
119215
143531
182561
168619
164865
196375
188745
162861
188911
153023
131575
201404
173523
200480
181161
150335
177125
199979
179700
169356
196573
156714
198161
179201
192338
158503
196673
154048
184522
181297
196324
180276
137493
199771
179053
180373
169096
199054
165982
189875
197707
201592
180584
172892
182519
103933
188308
192115
197969
179632
172193
192149
140513
178584
155841
162145
174449
180050
161802
170101
128154
171986
177935
173082
201372
106482
195435
130289
202983
159067
123015
202081
177457
195361
177202
103920
129520
171532
161579
177437
122159
167869
202201
154480
202600
189425
138422
177340
196449
187955
202564
196190
181197
130346
196250
199242
142577
189465
169789
200846
195767
123379
180993
198515
180073
178796
195502
181465
130941
150937
172065
109858
178553
199031
108576
196150
171519
197474
202572
178592
178852
201771
194640
197410
177877
198553
199453
153689
151231
180574
167784
181373
127934
177596
139919
192009
181662
197799
200339
199675
147143
180630
147951
108539
177174
127819
139240
195534
201283
195665
190077
172719
167163
180067
170802
198638
190417
107081
146513
152874
199108
165267
196434
177235
161504
142546
198617
185528
178617
107890
155031
181223
193212
188552
198364
167756
140518
108063
173016
152824
141182
178604
198125
196587
159213
180996
178335
155118
197783
119766
203446
179993
139387
197333
180959
106153
198362
183567
203000
168369
199081
182192
177815
197731
178149
199964
201171
193734
197408
117031
183253
197745
191776
192153
195621
184610
179377
182998
177867
202344
184563
123104
178860
198549
168827
103872
136643
118021
183982
180364
196061
148248
175059
188373
172486
151955
195420
202582
203049
129628
167528
199782
110263
130304
189368
198480
133479
197172
187178
144116
189074
198660
165613
201024
189725
111991
196083
191695
179171
138952
194934
197403
160791
147403
145250
192562
144885
169494
200185
139988
189997
200031
167392
177142
185269
197246
177248
172188
194651
186147
150333
201411
166335
166199
195490
199092
142715
170585
199177
159524
194819
132721
189596
202627
142050
172261
160793
166191
195733
149552
196983
159083
183332
197662
199966
190908
203204
190540
191864
177149
199220
199056
199764
172707
178358
179985
145564
200131
191908
161049
148978
177307
194284
158461
118152
110739
200942
198321
155457
199671
158335
142979
179703
182699
198929
194921
107054
158500
170619
186271
182471
196175
196136
198279
201766
157086
196835
177147
167795
103900
203289
151538
187753
126076
194971
148391
177393
187963
140981
180057
200570
197188
155559
189710
202566
174410
197255
152838
178255
193249
132060
177278
200250
182150
119354
181999
146860
175333
186508
117139
202806
182574
195692
202811
193498
180597
176798
164834
106121
177237
107908
196467
129879
177503
179652
156568
162855
160812
169338
183407
145579
197698
200741
160884
196432
201139
198258
194968
111806
127556
181475
136574
171146
159935
113496
180645
199239
129955
169326
167882
203456
182677
162327
183944
137163
182412
168247
195708
189989
202553
185882
153612
193214
191861
203007
79048
124370
106145
115543
112528
168857
162102
126785
164929
201524
142292
191532
197957
179923
183669
130233
180578
174367
158026
142617
197021
200444
195230
178354
202269
195642
189758
144508
184457
164001
166376
202691
165922
203267
110839
196416
104965
169606
201292
164072
197390
201273
197280
135561
203238
130402
193182
172539
150546
195390
156196
200398
177264
187276
166504
197346
160955
193080
172268
199655
189414
152188
127828
180863
153980
185421
180203
195403
191983
182969
203399
198186
189419
130937
184088
202445
169422
130219
200583
197482
172043
153204
106180
195482
169363
170307
177215
181822
198155
199933
157203
118493
165965
199074
180740
167566
181102
192151
183722
127155
179759
196952
148965
140336
189385
191322
147432
183605
201789
195831
181255
160320
177405
111110
199236
199174
103906
188586
179392
149149
195685
178429
177423
145776
203131
178879
200342
169350
136530
193374
193188
202718
182578
154038
121035
191771
148142
164889
201006
166985
182934
147869
184672
190826
194928
138150
142112
157082
196903
194712
164847
180753
141210
165456
178519
150651
195704
182117
147883
188296
178285
196906
157213
177384
166606
182734
175993
172734
180609
194217
188690
121475
137003
188688
142666
130317
181459
203065
115860
150539
181625
175064
162863
195637
181911
107138
201823
197543
150111
197913
175239
167414
177127
180690
195035
108487
197124
196499
200336
150207
147108
111611
108198
184674
178327
160641
195343
176008
196162
187682
130204
177401
156575
191434
147097
200790
201357
189377
164955
154026
121509
193096
202592
182506
132922
149143
144241
178420
199857
200029
175964
140389
189671
158419
143695
160246
201833
186144
166024
132413
196850
153977
182994
170409
122912
202576
165788
195292
177309
197685
155254
116739
195524
181847
147121
146515
166883
200576
184619
197190
165348
182220
118740
144977
178573
182626
124737
177208
166677
190008
191800
199698
152790
172202
203083
181761
195081
199976
146816
177522
142865
162222
172555
200826
191406
177213
177254
144133
180980
164852
171988
178035
198551
180679
197196
201157
198778
193206
193393
179294
177818
200526
200572
130327
156904
153041
200786
130295
131938
172711
201068
129330
178060
154789
177440
164758
129517
179296
131951
118671
199029
148829
166001
164836
148146
160952
199604
199483
199455
194070
174402
156211
194244
106136
148037
192550
198712
167561
198401
199392
197063
157943
155676
171810
197119
193770
203259
150992
118387
189188
165161
154476
183220
190967
189630
195631
189205
160304
168979
199061
172527
181320
190000
182606
197514
160372
200735
178462
184090
189223
130335
162104
202425
194918
153186
106138
177250
194335
182173
198708
199186
191693
106151
196908
169098
199459
201547
138279
195600
150544
108546
187940
117581
198395
154040
112034
182049
193101
181053
202580
195924
199217
127185
186348
121480
201689
185377
147983
141523
182932
164849
156194
202337
119425
189383
188524
167457
200319
189523
197741
180627
196313
129242
111510
196770
195438
108200
198360
200744
193173
201215
187895
150772
181707
108002
150495
191326
164933
200384
193382
184389
174461
175062
191103
196166
140297
180046
187288
129726
190622
166885
170793
130413
195989
140654
177470
199466
155110
202858
199071
191332
181098
190628
195920
190711
191769
194239
148024
197148
161574
129302
183250
195369
203196
190894
189076
200966
200248
195696
112540
177258
155605
177330
198238
200044
155121
198802
165910
181352
179081
195466
179160
151601
150734
166472
170075
177411
121418
187978
169336
129167
190064
197974
189395
190593
156446
152401
194746
178614
172877
201318
194090
198866
170617
197480
202106
177119
167558
190047
158623
200837
177479
194519
154012
167838
172941
198059
130659
200115
191025
189393
201982
176424
157140
170007
159370
181790
166299
177317
199861
144304
180642
136576
165615
197885
180600
185188
182293
191028
150144
146881
199038
177289
158387
177311
203495
162354
165585
154008
142379
193582
103910
97340
142644
164716
144413
138293
195710
117624
200970
196202
181925
143990
170376
157177
108023
203186
191858
152465
178209
160545
193642
181734
138611
201103
196872
197536
201865
167740
182959
179025
135455
177328
160255
140344
167892
163997
198240
201027
130311
201074
199609
180576
181851
165813
195515
200109
142842
127528
197747
192011
159646
130550
110576
185298
170599
199827
178173
143193
166013
177652
175043
179673
142856
176368
151411
197810
138009
201146
165603
200737
168097
177681
173112
196992
200036
181461
186589
171506
170531
165761
144925
201778
140282
138576
143190
202139
181127
196315
172705
199641
199690
147224
166227
161814
176004
134136
180567
197977
196844
129733
188774
189750
122161
190865
146743
199457
177172
195700
199961
198471
111824
161688
103894
135394
182807
183053
201314
188542
165426
181860
103877
202598
189612
129644
196726
182261
190526
147979
158659
161423
191005
181191
194404
168026
116705
187598
173129
187669
183513
196455
145707
127194
187580
140411
167039
170097
166313
199660
185902
150989
187206
177858
190469
111498
199333
190867
163147
199228
198101
182721
91876
177046
192093
138614
123474
186857
92723
169342
191871
186643
198874
196308
199971
151554
119494
201695
197777
171812
201531
172682
191139
129616
198229
108501
200911
201676
173009
197557
202969
200183
194795
139328
195275
174108
155036
193604
193085
136536
175960
178259
147784
184489
107107
193314
194950
195431
130293
182517
165026
201265
171143
135967
183948
178665
192488
203244
197005
103924
153831
199066
203122
189274
177804
182489
158996
193726
105503
189856
158310
177180
193254
189199
200105
176648
140515
168894
104008
161570
202978
177495
177885
110556
201052
177828
169965
198489
200805
140782
186998
195629
178352
177433
140554
180487
119027
195714
201352
180775
180882
105395
198518
196338
167486
197764
180213
177362
165795
189211
147416
127580
122839
201596
167192
180887
195716
152463
197571
194778
106164
181655
147171
183005
187325
184561
94503
142132
190430
177770
167105
181002
173521
194133
178295
199335
157209
181141
195625
199937
138705
198110
155652
203068
177449
122088
185926
79025
153477
177488
169483
197704
203228
185228
136501
198855
197215
129064
202720
157796
144974
160543
146788
191339
196819
201063
189236
164051
177826
190977
180983
165845
200313
177937
139848
165405
197837
179387
107105
165628
116771
185841
197563
127541
172680
172561
180968
186353
195464
198772
195720
133807
103661
199284
177350
193458
147903
172197
195165
201389
82114
200027
194159
195863
177151
194761
179290
106117
198788
198650
94516
167897
82310
183555
198008
191107
191329
173518
189677
166631
118100
156035
199254
179107
155665
165672
173657
196954
178159
199944
190774
186373
190653
153030
190518
195582
198717
142364
201562
201839
157116
150542
200235
152379
124322
198294
148442
165905
202715
126649
167765
180270
191059
159486
182476
177233
190878
181631
153783
199478
202026
175036
113752
195757
196196
182543
177409
184487
193196
132458
193616
198191
116286
180211
172502
195588
140432
200974
146834
170612
172401
184491
150907
180581
180923
181124
142239
191218
201560
200221
127238
188291
159725
191963
167344
192267
121044
177374
177145
178384
198884
182456
126445
199209
199052
188212
152408
156716
181749
182388
176243
182483
133438
118638
182069
190497
183836
190749
199830
140294
178626
160027
202290
166444
165642
197549
170581
191973
172015
198670
189653
154034
103121
201584
177913
197681
199344
181437
173327
195349
201853
163840
112437
103898
183267
165245
195876
127235
196129
200587
153093
188547
126827
198572
196361
139117
191779
176138
143568
197994
199869
176287
188533
112297
172537
200982
171196
162393
189655
190374
129586
140973
196153
199206
146725
199588
195694
190016
103915
173644
189218
195735
157794
179234
141490
202752
202641
142329
186994
191081
197436
166067
178153
117211
118416
144497
186322
147641
196215
198312
200949
193126
144938
164918
196336
201862
149178
166342
126113
194198
156971
193386
193661
177824
189317
189737
160977
191390
200766
202078
193461
189893
142657
197161
197781
193017
178436
191229
141468
200253
200854
177137
190771
131546
142030
197702
152813
174404
177129
160783
146876
188313
151597
183301
178640
145732
203497
138865
106123
143450
110831
202770
158627
194980
148464
151579
166889
188610
198847
144520
198533
163975
111535
184466
194644
177870
164462
197192
195563
196748
197413
202635
198385
187538
118564
156909
173529
191061
142551
160786
131343
164356
181334
159400
173654
170296
198767
152835
182729
203346
199190
111088
160325
161791
116766
177315
172477
140583
150243
184670
138261
171482
127657
184676
198000
187055
186968
150696
197823
194769
197788
144742
167767
180760
123995
191922
195521
181702
191792
195151
180418
194521
152369
200040
178404
170783
177240
195531
196439
141265
196436
197944
202952
193225
197002
154960
111808
146196
171495
203226
195316
190804
120944
112342
161465
192101
140650
179742
198759
194200
194053
199266
197507
168250
189620
182682
177959
162137
201117
178544
201226
182316
169334
197794
165808
179086
162126
191646
153889
194848
179339
128870
200913
161590
130536
130209
195591
165929
183039
202602
136528
177303
181894
160789
177416
195227
197757
166311
181993
151823
200777
155213
201365
178709
177447
177382
129477
198668
202596
196793
152853
112441
165695
198633
96945
177246
148725
186963
201580
191701
196113
182582
178936
177892
187768
193378
103625
178145
190835
192177
167067
193267
199355
146013
141941
156820
193114
107069
177476
188507
197204
182947
193141
142660
165634
189561
192521
157128
189961
199669
164854
180052
111692
178427
140652
138851
187676
188562
156573
139833
196090
182325
130315
194409
155124
200188
131976
185368
188419
154010
152360
132688
199903
177313
172670
182646
150976
183269
166936
186860
190648
157120
177483
193015
184668
182709
177252
200830
172687
172012
143263
199639
163761
107143
198921
171527
171994
193092
107078
155349
108496
127241
174884
159546
160308
202727
135262
194780
166887
165093
140742
196423
177244
178271
94745
156183
181145
178211
177200
127485
142631
172685
195971
191051
127939
107297
143025
191854
188168
188694
193388
147909
178142
201150
111099
201753
150688
151898
189483
174764
155144
191117
152567
166069
138353
152454
169625
178707
140658
199583
168314
169354
146727
167932
155393
145330
172055
203117
170484
200034
155738
124298
174274
157175
130313
110827
169442
174187
165344
183233
153704
141591
150984
157106
115819
115562
110799
193597
195543
105693
138861
174434
117007
199722
202900
130939
177407
158621
200425
145550
190897
185216
180549
177465
195749
136302
197330
183601
106155
121518
105529
111487
165734
177461
187702
195610
116773
188875
181201
197074
185290
192321
200382
202470
191928
147777
130344
178232
167801
139231
183391
187199
106531
195644
178551
196802
175875
192975
177418
154036
181629
127380
198998
138901
151107
190314
200567
148470
191828
136538
107905
180884
190472
177463
184607
123945
154017
195805
111388
175908
103948
180621
187410
181882
200107
187309
202704
199264
154187
176788
194963
184035
173319
98110
197722
152685
180446
167822
145986
103865
201957
183549
177186
107894
177621
92738
156958
201557
180020
158619
202976
201084
198339
169783
177319
111070
156176
190045
152367
197372
160799
195371
187220
151710
161438
112029
152777
171387
184680
125306
198032
171997
196357
161567
103928
177242
200834
173020
201374
142708
202414
159398
141960
181211
135981
94740
141486
181456
196854
199059
142638
180919
200812
191535
197202
151721
194468
156720
130337
142837
145575
163471
168588
191018
189203
181548
173072
199374
199835
168970
196297
177139
165883
146723
203375
201174
107885
143156
154779
107045
170522
181106
200938
197441
107096
199994
202074
190686
202217
191691
193161
160395
103912
98023
108004
189249
172672
162977
194215
196305
190831
177391
181157
173840
199798
144934
144416
197831
177855
106119
191648
129856
195143
191100
142619
194579
153069
177229
188512
180491
190072
177369
178926
195753
106127
104161
184433
174772
179917
200113
198486
192467
173069
190752
198069
161661
193610
111804
189251
148832
130341
195511
105531
180054
120886
199463
97475
184104
203052
175367
195239
140780
195480
202538
181169
177853
177430
201115
200562
191501
196575
181704
179925
165740
106149
172075
177194
136513
177758
187034
198196
195312
195668
182464
162100
198491
171883
195597
179662
147111
203156
181901
170037
176196
163639
150953
131665
158135
189883
200768
150850
188606
200356
177367
160249
187793
177204
168520
186898
198724
179208
136505
144878
168646
181379
200543
182136
184501
172521
163869
200421
181824
118743
190806
162971
197889
106130
155029
151616
176341
168624
106147
160806
96716
183735
198388
127424
199680
107112
129056
186285
202574
184042
186430
189280
193106
199666
167846
200972
177879
173179
140405
174454
195820
79984
198290
166787
195627
107812
127831
152414
195689
203304
153504
109646
139400
79202
168123
188699
160810
194263
107473
197405
178642
182417
200486
169919
197770
194082
194326
185907
178251
124013
182308
146706
186866
178870
165881
161419
168074
196407
167032
151163
177995
185266
146702
169352
177280
201355
108581
191227
198216
195718
158953
161694
165592
196985
193295
163969
201886
194811
106115
199165
117990
195319
140394
196987
157262
199120
166435
164767
140647
155566
199738
169490
197964
146857
195755
164862
177160
192310
150960
120942
195305
182041
180636
166618
198630
200448
195170
147182
166469
136350
178277
130307
200048
142754
183623
159242
193431
182107
81607
182313
198040
201336
177766
181929
184599
177121
184093
182346
200482
142506
192333
196281
145771
201362
184663
181647
147123
143784
78100
181029
200046
112857
169983
164023
176364
161587
189730
172714
106490
142848
200122
149510
198281
192460
191242
141293
165823
191064
198378
196624
202438
195639
186551
108563
201503
177929
195647
160804
177473
202629
195559
186416
136533
151238
202551
191789
112456
167746
177498
183328
111613
182747
193022
200216
146899
151195
188519
190699
178347
171981
201776
196635
149423
119335
178248
160549
153183
189832
194754
162967
183583
105697
145645
151588
183971
187195
175509
179363
189780
182073
177791
154351
194062
202405
197502
200191
190760
163623
161698
169620
177343
197460
169348
200230
180697
202499
180557
197512
200280
187468
177734
153444
142690
177388
182670
134781
177217
199939
185602
188853
159393
169995
201079
188630
182353
185598
112602
128949
140747
180985
150349
177260
195682
171990
166185
202342
139286
156185
164821
107915
175345
178465
107135
201827
199931
168888
200753
203470
178949
142528
200050
105378
162114
164740
106486
150685
197183
181696
179997
158394
142791
191165
153150
154743
203501
145559
163436
167184
191145
177421
140656
106113
177486
189608
165428
201549
194094
199204
179395
96803
190928
182608
193586
160795
149154
193089
177428
178971
167753
166490
195363
182369
199663
165590
177467
143796
147864
187732
203481
161777
131425
198350
169430
106178
156718
186896
181163
177403
154395
159932
103741
184605
141269
142770
154180
150828
178773
131569
106158
130013
151536
195414
164792
156770
194773
199005
197180
181986
185402
199262
195747
134022
177131
94485
198985
168981
108059
177365
194559
154046
169770
189451
195751
178501
152141
168870
199652
202588
174770
191245
170299
155277
155251
197719
180847
183675
183024
189718
161519
165068
130291
195745
188846
195842
202590
154813
189664
151341
195507
143423
203306
160779
169340
200530
168112
199473
166636
172009
169068
166223
193595
127224
196615
172709
162592
156709
194108
152461
160797
198477
191209
199821
202287
188164
198005
111810
186581
199418
177348
169487
199953
143251
167852
191587
163743
200179
196895
193304
177908
148454
202547
195595
157196
147934
198011
199778
197796
191925
140734
200560
188769
178161
189734
195850
150920
198621
125581
174182
198243
127841
180024
198941
181513
178817
186466
151357
198675
197532
179167
142544
200203
167186
189614
195551
198821
200346
191697
154754
187226
177454
181858
169616
201565
181357
191095
169438
197899
159389
201882
180916
167206
136631
178674
199873
172373
141633
107066
165601
130223
179169
198122
177178
170378
187191
193282
198408
199340
123249
177273
192172
151673
195387
119488
151604
181118
167234
181674
107093
192144
159223
96917
189610
155022
152492
195107
170445
140361
173004
157778
198038
154973
201255
200205
181649
153607
189433
155236
103926
143415
152494
201324
181660
196063
198870
180939
196790
201554
190070
146378
173117
184385
178556
180624
199613
196768
149787
200241
191866
141180
201154
202987
141267
118580
152512
151437
176186
186356
191380
198635
196341
164794
200809
177334
195614
197393
200862
167859
199077
197377
142752
174437
197400
152917
184418
171753
106143
184071
197579
188205
174538
159477
182675
178033
169600
185570
103902
106125
147164
198117
190933
177293
177920
137809
195741
138234
149173
196609
192571
167170
151406
177568
182167
155079
198097
191023
167201
202702
195519
164777
147654
161301
185201
92268
197007
156806
153923
117590
182071
143425
162356
117350
179815
201276
153050
193360
195878
199985
191797
197753
195698
157783
190892
169435
151361
169492
129975
172278
160932
103950
186137
129604
177924
193443
131388
184118
182348
202922
191119
153507
111033
182318
157270
127577
194532
152459
177395
123990
155650
202742
106488
193602
186923
166316
107997
195314
193056
193324
192344
166420
182115
181121
181468
201193
105110
202568
188517
171790
177300
144021
166525
110802
196546
192454
110649
195358
170790
160755
136291
165920
195812
152585
141300
182045
142756
194615
136498
176047
191427
199480
196257
194802
165879
170082
147804
202594
182430
201183
161513
137768
168874
196072
203115
177760
142237
182344
154044
169949
171089
152643
111814
197768
169316
159396
180841
150782
177197
198065
181096
137791
195678
111987
153569
201534
173819
162402
107076
196795
130331
193651
197519
198539
200324
140595
198756
200540
195706
187005
178874
169324
180026
199824
179975
197750
198936
201056
145245
184031
201589
180070
193467
191220
201780
170576
183843
94493
179058
197194
197947
157084
150245
195577
130309
200367
177693
142078
191470
182402
198061
195366
126902
181178
128976
193472
163849
195888
197679
203247
195303
174413
201402
177961
149001
139764
140044
124357
189936
192165
169092
162106
165508
183379
107119
138859
167493
195494
164029
107115
202971
129170
166008
200162
197902
168052
199968
200788
165998
200038
201280
137997
113501
177276
190820
197638
193153
177881
169044
146903
197971
169281
129273
145833
143861
199461
194891
193366
198315
117978
197725
203242
203450
182075
197560
196797
112344
107988
163741
181038
129980
148239
198214
152024
150620
195727
189618
189231
96559
200470
188727
200772
197044
191109
200980
177442
177587
165605
199188
180615
167719
167760
202779
198950
155142
123791
141191
155115
200154
157725
189309
141007
177613
191876
201267
180618
170401
142640
137685
197857
197709
151687
195743
172547
127166
151714
173801
136813
203384
198879
203113
186530
202746
117223
203081
182305
182541
195376
187315
189986
146800
169089
98041
164936
174431
194797
184593
130355
191785
151612
156570
202136
178417
146888
159346
152558
165649
106523
107910
192121
160753
188537
197641
179682
167799
161798
147628
203473
174464
192163
182310
107042
144515
108218
130325
156723
194078
200779
186863
180065
202141
178187
191115
178723
197017
112452
183758
142055
192525
107060
181664
182361
193209
139307
200798
174959
197814
107049
194487
180267
194735
173733
178164
200498
188634
180032
177702
183974
172492
183856
162130
199471
201054
174047
193470
194172
131049
199036
178316
150826
106484
180571
202586
197335
107058
177169
130299
189374
201825
196058
193427
130329
201795
172490
155033
171792
175879
170993
195353
176782
200920
201061
123832
174406
188608
160774
165137
191883
190716
183540
127128
139893
200219
194123
190701
180602
177167
190563
197979
160864
173040
144965
172399
161786
193077
130349
195737
198859
196841
202673
196559
171236
200947
199085
193049
182081
199122
200792
154478
178460
140645
198219
142993
105421
105547
181174
199684
177162
161429
152362
183371
143866
130030
152635
195702
129999
150950
154020
115506
201113
151217
171747
197574
167349
130339
164785
202994
108682
201875
110761
123788
165411
173066
118566
140504
192097
184678
186893
103918
192477
170985
160258
199200
196365
176134
180699
183772
162541
183256
80227
168188
192306
197471
197024
129850
128245
177156
189696
150462
193579
146700
202108
197395
177266
201332
156187
181100
203252
165925
130173
142649
203221
117984
79108
192324
181669
200223
162753
176131
187039
180926
149166
177905
190911
174782
161484
172500
181827
92677
179921
147807
197014
200832
198057
156577
131767
138578
164714
196016
199100
161653
172161
193020
150780
199279
196046
103922
142089
195729
161433
191158
144833
177332
162329
178629
180586
195287
193463
180332
203101
147866
147204
181667
188555
201097
197464
198523
193062
147238
160999
148871
200534
149483
193614
195759
202143
108588
140909
180849
191794
199049
178507
194503
179185
180588
130302
196799
197672
131311
121523
201339
130076
167790
176321
136338
155239
200490
176465
177399
202725
200042
172265
151631
117595
178831
182452
194785
150123
195722
190733
158467
203023
183208
191307
182231
152799
166613
189390
179045
202475
177895
174775
191066
118746
200211
174195
196177
139828
169629
177600
188173
198623
200264
110647
181989
201180
190974
143707
164858
195674
157231
193072
175370
165408
177917
195671
151255
200450
200875
121884
177851
146868
183042
179696
131000
195458
196330
198265
196826
202744
195484
190041
195712
191177
193411
166234
188796
189467
196462
132947
199908
198352
97479
184682
202699
191609
203198
122042
197046
193083
190833
188549
200111
140550
187800
186331
150840
199677
130397
154975
189070
160887
202732
201978
177915
184460
154032
172379
198253
203442
156206
201321
94519
121477
159790
127482
131463
199657
148666
162543
178139
170311
203218
97184
191618
180633
183742
178938
165743
160547
184497
180604
177192
162956
138414
196878
186655
180457
194426
140439
183309
197761
184596
135949
150837
158449
130333
189380
166331
150003
121709
169248
180612
200968
201385
182382
203377
151708
177883
180569
181264
169244
189456
159065
183915
197766
177133
177492
188729
163100
156836
186928
189975
201344
174759
162334
177386
201711
112897
190955
168130
190618
189762
129609
193352
130319
162116
155647
188573
194623
200807
202104
187938
193646
167539
147296
148138
189370
186403
193327
160339
203343
145285
142385
147811
192512
182299
195526
203277
146855
139126
158979
128305
200393
172513
177190
192077
163644
180749
164843
167843
177158
199469
172257
129493
177359
103870
169345
178409
166813
167864
201784
141520
101980
150649
157077
173634
197388
144493
146717
190870
197534
126885
194636
154151
164728
200598
160342
129746
189473
199687
196459
191180
158240
191495
185381
103890
195529
194111
165777
139211
171557
195739
144887
151757
158900
202997
200052
189795
150043
181511
143435
184096
177376
136298
143146
191991
158019
118019
123950
197547
177097
105942
106529
177338
194638
81737
154916
140237
188650
167832
200996
201674
183311
191076
200864
178293
165748
188813
202584
183231
197438
202306
146820
202816
182613
119480
193066
194612
172508
190721
108191
98029
197633
165483
202784
171438
140601
194787
193593
127795
174452
143825
190483
192167
191915
135446
191419
196488
129622
117029
201418
183020
194205
166475
202431
177426
191336
193200
197467
182395
163758
181856
168256
163978
149479
107918
183376
171579
172675
197528
106166
151409
148027
187519
177176
190014
177227
183439
153975
189296
130322
162953
139792
198002
196179
188219
199230
141563
203026
184083
180343
196001
111076
196168
172633
177336
161678
177188
180675
168236
167097
181627
203045
197517
189441
161690
200606
203486
174446
177863
181473
189864
138268
168080
196577
166325
200359
197729
189332
166948
172564
193112
158956
139432
194400
179173
177123
178314
190464
191993
154050
198721
140787
180921
195498
119714
140005
168222
183015
158097
160895
182723
177135
198896
202232
196541
191845
177321
180493
94479
140688
166578
201536
151749
153393
136515
188390
117126
181470
200260
139290
147118
190705
107087
196367
108479
195244
197553
160392
189648
162331
182965
200025
183235
166656
201290
182264
150823
161817
172956
161164
182397
187186
164876
201456
189489
184724
123616
161906
177531
189254
147100
165714
154697
203348
196989
103604
198591
140244
198626
197881
196099
113379
199714
177326
167125
160860
154414
197555
160787
194601
93165
198163
197499
182189
193502
190802
172176
184106
200909
190508
177323
172073
199712
191395
171158
193363
180606
139252
153426
184081
196427
145729
171803
201111
195488
194925
182285
161529
201160
197863
139778
174806
171336
165636
200994
138693
145709
178567
184509
184029
165917
177445
192327
200532
154042
195477
177256
200796
111812
145577
186959
177295
189238
178199
197445
177287
183317
203194
195326
177397
158404
142802
196349
201623
185505
158897
182788
200238
136571
170473
194699
167334
196353
124612
162869
191371
139412
177898
196287
191486
179104
136509
202841
179177
173999
167159
196299
150699
196494
167146
199793
200928
198272
158285
167901
200197
144700
193103
201701
197567
174746
194492
181907
193176
181690
112410
192528
150820
193270
191412
202452
162842
158291
176716
170463
201755
201199
136552
201871
161193
203208
198127
114659
147893
191318
202219
201461
158278
106525
192500
200321
199647
169371
126292
179133
157801
169171
175289
202241
171975
159281
133959
201202
184018
200823
171709
197264
167804
200954
199222
192052
143292
201691
126623
199850
197291
171571
140424
104138
199891
183187
158282
170494
185224
200098
185861
202422
138832
119431
167011
200019
157821
172003
196709
142032
177270
121400
182423
201684
202043
114831
202791
148413
170246
168639
140166
200756
134120
160771
172309
194127
201453
169924
177345
144331
190741
172303
154749
189636
197206
196069
139481
199033
143298
197451
171857
200118
192030
176490
174054
202883
172338
201868
199124
202644
181610
160706
161012
184699
178676
152734
181617
168813
199718
169936
199693
197382
200315
185499
197185
202757
172312
195616
172375
200142
175269
194549
201467
201002
181606
201236
196555
180062
171778
190794
159456
190779
141297
191809
183133
181676
158176
148861
149132
201706
143084
195410
150933
200410
191840
197596
201436
171561
185899
167022
130996
196420
202411
203360
157827
192484
143068
143077
150904
93247
160481
193449
200159
172921
201086
176456
181876
152500
121409
158307
158735
148296
132178
174066
185814
149638
124080
202729
200547
198451
162872
104238
151891
96727
194791
119585
152924
199104
201609
202472
167094
200014
195272
195764
200292
195300
181572
202957
136333
192022
199040
174675
178576
196327
178229
200057
167981
186456
168674
178662
162881
191222
132159
185411
152709
196527
202110
200269
197011
119043
136822
161226
191513
194592
168143
170945
200374
104229
192335
158312
180323
161454
170914
195269
159237
202370
178561
166053
131026
173991
201458
158304
200840
196343
183101
134102
143114
124634
183906
192583
121472
169907
198323
136295
134626
196484
162595
190488
116858
131003
198356
144223
178712
199232
177973
195565
147931
193002
93243
174816
183168
165581
143127
200327
202299
202786
200386
202962
143065
178809
144292
183516
166429
142731
168613
165258
200591
159491
200150
124631
172271
143279
165779
181919
182672
199007
201900
201818
110763
194249
203002
143124
182731
167581
144347
154702
194739
197379
192397
185232
191900
148303
201043
175853
190708
203109
203103
172387
192155
200601
124609
192027
191403
184410
159314
201376
202459
169374
198579
124097
202619
178780
150790
198445
172341
201011
183827
192057
200517
176413
202383
203286
165724
178761
148017
167989
198283
190882
161006
201678
191148
194097
131014
191013
150295
200437
170526
197243
201829
140678
123873
158332
195263
176734
160964
171968
132065
121427
202387
190679
173076
136549
195037
201499
184000
147799
104069
193030
150877
160503
171978
194250
199213
103930
148670
172370
190847
199948
201470
200176
163492
202906
91792
191773
174777
171125
172280
200820
151386
193116
197487
145973
195307
200208
170106
193573
165885
166602
191625
201746
189446
177283
173628
194655
169930
202678
170538
136559
161668
191802
112413
198134
202682
169367
143042
141635
80117
172294
195817
182254
140726
196443
166647
200194
161488
201655
168001
174002
201257
175172
148213
172322
103861
150834
147423
198074
201119
148216
202228
177378
148063
183184
183887
198333
201987
150867
131052
166921
196772
119321
126200
119439
183313
137589
106132
176390
148219
157798
202696
198397
196476
164690
172335
165946
148192
202004
150882
159336
203098
183594
196268
191215
201521
158294
190979
198139
201717
168627
174005
174826
143289
193098
152706
200988
172306
147897
150842
188160
202222
172332
138812
136562
150642
201904
147412
196028
176351
166775
137313
199839
150798
202916
203488
144863
196013
160824
171805
195724
201492
197100
202801
124637
173987
112396
126158
174050
181775
161204
183105
202419
199804
200848
193169
202456
167973
141087
182530
149697
192160
200000
139332
103953
143130
191743
150817
202913
174019
184665
184737
150250
159304
186130
172319
184074
183880
119023
136543
142097
190767
199195
141450
183111
175845
178990
191567
172367
162878
152451
127123
110766
183858
162390
192013
200781
165988
173134
192315
177352
194813
193548
172558
148299
191510
179031
172325
197581
200455
200156
189713
182239
201391
199706
192045
200878
201918
103637
143301
197154
183545
142548
142891
184659
177153
139281
141415
201189
153323
202257
193356
195539
168897
150808
151370
182641
182243
192995
190797
198955
177224
196410
195865
184007
203033
143136
140347
126288
185006
174808
166652
164781
189890
198318
194457
174061
144335
150852
183147
143117
178823
172396
200440
93045
185885
146790
158648
182442
202007
183718
112403
195384
183123
104429
174791
154699
179005
194162
202666
181803
150861
143790
166771
200963
193132
171799
191034
136546
192174
159330
202735
195991
171983
197199
198211
191174
202050
139965
192982
150847
106175
143133
136555
161220
104123
193135
183153
172411
183728
126309
144211
191315
150247
124108
192016
152440
196892
183192
180928
182744
168852
195109
196274
151905
199915
173984
196491
158326
185119
139785
93227
202440
190745
183127
171972
167986
201070
197060
201076
124640
151170
194073
198741
201164
143121
198943
147916
193143
201260
191837
199844
183769
150492
137316
143071
193736
179019
176441
149837
158318
171508
192985
154650
42874
171796
168022
159348
174887
171553
191423
203313
150292
172297
170287
148051
196847
160972
172381
138820
149588
181884
158301
195103
165261
191097
158288
177219
203106
185040
148130
197051
121369
196294
193108
197987
190791
168156
143081
176125
130182
160768
199703
172648
182251
166588
182246
189650
181834
155668
192992
161682
154482
182618
200255
166049
158772
148030
183531
171874
169882
129332
168862
170905
201713
150805
197607
201464
176477
200460
196886
150714
155460
194726
144341
202877
161100
189991
197996
163448
170477
203124
200390
201951
193128
148995
191141
135427
201620
160514
202448
158716
148222
196271
201439
172364
159414
198146
200749
201573
191078
183150
195660
184114
144296
201473
190485
196813
192070
198653
126147
139390
174839
190808
104039
141674
146894
183976
136540
197385
201650
170293
170799
128865
168657
192126
185049
198381
185539
142123
191805
172404
202652
201859
200054
161509
172393
201995
179204
151381
177371
151564
183237
194230
201047
195266
159385
202118
172361
183849
177210
202693
157662
136565
190676
143074
158598
202154
201413
199363
168196
193554
193138
191822
168150
175181
172390
143111
143283
175848
201128
159703
195019
200305
155100
199928
185030
193368
170924
160488
196552
170862
201505
194496
198296
183873
161230
202293
192123
182146
190952
169266
158315
151178
202712
200915
194059
150970
193576
148189
157225
184010
172482
126281
168171
144186
202637
174735
174766
161208
190822
170502
119547
197121
159333
179064
162980
191090
182533
171831
168147
144824
157824
198375
124606
150637
142554
201379
175224
171769
145891
148210
195083
193730
203040
160996
182830
182236
172384
143697
183802
170856
192394
196523
179193
199043
154014
150801
197368
184101
202749
184004
148002
158805
201514
174012
199046
166943
158818
162875
183750
175971
143295
184015
169167
141187
183935
161495
200308
194066
202352
174859
165264
202031
166643
157807
199922
171359
166685
189360
148334
143039
181713
150634
148196
165783
183136
185922
197103
194751
183521
192129
138840
184021
195248
199634
149715
176471
143286
177297
178700
182756
138627
166072
200134
150298
153088
199879
152720
202675
194804
200924
200332
190682
169838
93234
201105
200477
140911
201697
194140
173087
116768
151104
166591
144338
138471
121464
162835
197087
194137
196086
199759
190840
185085
202128
176370
141915
148306
201762
182459
170989
119030
170181
190785
192169
147405
191169
133454
158792
202930
199404
201681
178973
199631
182336
202895
157810
190862
201395
171825
158836
203119
190875
199063
113386
158329
97908
171700
196018
174667
202246
136568
116995
139275
147147
148225
167811
194480
191055
201450
182759
200851
177987
192492
202361
184691
169946
201835
130866
150890
161501
172300
157804
171351
150872
190737
157791
160981
174057
165368
192019
193123
202613
198287
123828
139324
145878
144344
150793
202433
183997
191806
185120
171858
172326
177353
201860
184411
147894
143118
196485
201203
183874
169947
201454
148193
163493
165780
196344
199923
189992
158308
158806
150806
198446
80118
150934
195264
192584
185923
137590
197383
169883
136541
195818
162836
184102
202242
169267
147932
143137
196350
150868
150883
93248
172313
203361
176371
155461
104230
144332
191838
182760
200925
103862
183719
146895
200548
176472
168640
184001
192993
190980
201756
158837
126289
176391
194740
201190
150296
172304
193099
169908
197244
198140
183881
183102
170906
191170
194163
132066
174003
190680
148197
139325
197122
110764
166686
201003
193271
200099
185506
200757
159238
171979
202420
172333
193031
181677
143131
170247
139276
195273
144342
174817
162876
196887
195866
198742
201515
131027
184666
167974
190683
171509
158286
202032
200135
189447
181885
202694
199929
202792
198357
194481
200119
202620
182247
158302
160772
193109
148220
106176
190742
161227
181804
158773
201044
202645
171554
148217
202051
165369
154651
190848
175849
130183
112397
197597
172295
189651
194593
198212
197101
202667
150843
171126
192398
201624
185086
172559
196411
177974
202758
201392
166073
196528
182424
148335
97909
200841
153324
150643
200929
201437
150251
199648
116859
200309
193555
190792
160482
193177
178762
195661
172483
154483
203110
197988
172365
148064
197155
104139
196354
184692
142098
168148
142803
202614
191901
150299
201869
143066
198956
191424
124641
199635
158649
196295
147898
202842
196710
190746
170925
188161
182673
200916
193577
185500
145892
131004
150493
182642
194098
199704
200387
202802
198128
183134
148226
198382
196029
201471
172336
161502
151179
191216
143125
199364
202220
200195
176352
199719
166944
198452
172310
151382
150818
161683
133960
191319
154750
192130
140425
183751
193129
150791
202258
194497
202963
201106
121428
174792
168197
166776
185862
174747
171875
159492
170182
203120
183151
132160
150802
158289
182244
201261
191014
167990
160504
167160
195110
172394
183998
143112
172281
148052
183238
157811
193731
150905
194128
144224
200879
158898
198297
200160
196014
139391
201396
174827
136544
190677
142555
196495
167023
166592
165947
183169
158819
201474
191823
158313
96728
194231
170863
150878
174067
201463
166653
199214
161455
197200
200456
148131
148223
200592
174778
202008
201996
150971
196288
203125
169925
202457
183193
184700
152452
198288
174000
124613
182147
201451
203034
181776
152721
144336
148996
136566
189891
179134
119586
197088
201493
162843
183828
199008
185050
170527
202958
197386
177346
195308
202917
182337
191175
143072
172385
200198
191056
203003
202434
182534
184016
197104
177284
194141
143299
142732
171976
170946
181835
104040
151565
126282
194493
197488
193117
199892
165262
183517
202750
199041
157802
149639
153089
202229
192336
141188
166050
200441
161497
181691
141416
200256
172405
158305
165259
193136
203107
199707
139413
184022
186457
148304
170800
184005
161221
201459
203104
180324
150248
130867
202423
152707
144339
202129
201872
196421
93046
104239
168144
145974
161205
191142
161013
202683
197292
144701
201819
190489
126293
189714
128866
138821
171710
174013
192017
199233
195725
183314
168023
159337
114660
182531
178991
199694
190786
198376
138833
193003
171797
194814
179006
199105
178663
119440
191568
201077
197568
121465
173992
200058
195566
173985
172339
158283
175854
158319
200955
167982
164782
112414
171770
159334
192031
166054
182252
194251
201698
143078
124607
144293
147148
201237
170539
144345
119322
114832
160982
177298
177271
179205
121401
178781
172649
199916
171806
196070
143075
172320
154015
178713
185540
178824
199125
201522
143791
202878
150853
194060
150293
202697
158599
172362
116769
196328
172388
166603
112404
199223
144297
159282
169375
202653
192170
201692
190863
200750
148307
126624
171779
193133
140679
192395
200333
160515
193357
159331
158327
132179
193144
194138
197061
181573
196269
186131
172376
138841
200209
126148
199034
185412
160965
203489
190809
159415
200964
192156
168002
200020
185233
169839
176126
136563
193170
166922
203314
126159
191372
196275
191626
198135
199064
173988
144864
143280
183888
202638
174840
200602
113387
161194
201574
159457
201919
169172
192529
161510
167805
149589
201905
199632
200461
180929
152501
195411
200518
199760
191404
200270
200293
202388
190795
197582
143043
123829
197186
199794
185815
202412
201901
202247
202679
192124
196893
194700
202119
149716
190876
140727
103931
149698
170107
159349
169168
198334
181618
200015
191487
201747
201952
93228
162873
192485
200375
152710
181611
143128
167012
182789
159305
138628
166644
148190
190738
136553
165989
183188
151892
201440
194550
159315
179020
146791
150809
143040
195084
183907
192316
157828
169368
141636
183148
172298
192175
181714
145879
202155
199845
192071
150638
127124
140167
173077
167582
169931
202736
148671
158295
159704
201087
143290
159386
193549
201714
144212
161209
185031
196019
161669
183106
193139
194727
162870
190823
152441
143698
183850
202896
201682
157799
170294
200849
157808
124109
200322
192161
197369
157825
201621
167095
183803
202713
150873
182831
171832
202300
182757
158292
150821
196556
147406
162596
158717
170478
151105
166589
185041
152735
194805
183154
199880
179105
183859
196814
195249
202931
191514
141675
178577
174888
157822
106133
190841
168853
176442
198654
189361
174809
179194
198273
183522
184011
150799
201702
201718
201707
124632
184738
191841
176457
177379
192028
171562
174860
144348
176414
136569
194252
130997
116996
174058
192020
193369
143293
176735
141088
155101
172391
191149
136560
200989
174767
191810
139786
190768
170915
201377
119044
149838
148300
192983
124610
178810
201988
119432
183729
195765
201468
200055
136823
202005
168675
182255
202460
142124
131053
147800
178562
121370
151371
200824
176491
183124
183595
172382
195267
183129
203287
119548
190780
194067
103638
196553
195038
179178
194792
161231
200411
42875
197608
181908
183137
184019
124098
141916
91793
169937
195270
161101
190953
190883
168157
143134
136334
124635
192023
161007
192053
197997
126201
171973
171701
185225
170990
175270
170464
136572
148414
176717
201610
141298
134103
183936
163450
203041
192127
179065
148214
126310
193450
201071
193737
189637
193104
191223
162391
201500
202787
158330
200478
183770
147917
160997
199805
104430
165725
181607
165265
177211
177372
180063
143069
177154
175846
202473
177899
168814
199840
166648
197380
129333
167812
160707
104070
200143
200821
168863
175225
198580
158793
172307
164691
143284
168628
150700
143122
195540
183185
174676
184075
172323
172301
150835
178677
192058
131015
175173
143082
160825
197052
142892
168614
185007
158177
124081
172272
184008
167987
199949
200438
201200
112411
202453
123874
166772
196492
119031
197207
150862
193124
202362
195992
170495
143296
165784
144825
201120
167335
143115
192996
174062
196524
202441
177988
196272
157792
157805
194074
201656
199196
191413
136547
165886
202384
171969
195104
201685
198319
172004
198075
167147
134121
171572
149133
191744
142033
141451
172922
202111
172397
198398
190709
202730
134627
171984
168658
201129
142549
201830
157663
182745
179032
200306
201679
182732
150635
169372
202676
200328
93244
177225
196848
143287
200157
148003
182443
173629
197012
138813
150848
139282
183532
193574
202223
93235
171360
143085
198944
135428
191079
152925
192046
139482
144187
175182
168172
138472
195385
202914
195617
103954
194752
172368
190798
175972
200852
174051
191774
201380
200151
178701
184115
148018
202371
196444
168898
174668
183977
147413
170288
183112
199047
198147
192014
200782
110767
196300
154700
200177
192501
158736
201048
158279
166430
200316
151171
136550
182240
202884
119024
158333
196087
157226
195020
196773
136556
162981
194458
162882
199851
154703
201651
192986
137314
106526
171826
124638
167902
175290
181920
182237
201012
190486
171352
148211
140912
168152
121473
182619
202353
174020
201506
178974
200239
191316
182460
201258
201836
201414
176478
203209
174736
151387
143302
201763
174006
191511
201465
172342
185886
104124
147424
155669
170857
185900
202044
139966
160489
160973
174055
148297
192493
161489
184660
133455
148862
200391
195301
172371
183546
191035
172412
194656
173135
197265
191091
170503
158316
197452
171800
140348
178230
162879
198324
136510
181877
160769
201165
137317
170474
203099
191098
173088
199044
202907
200001
148031
165582
199405
150715
202294
191803
150891
151906
139333
198284
202449
177220
136296
196477
121410
150794
