104137
104138
104139
105094
106131
106132
106133
107304
108001
108002
108003
108004
108005
108009
109081
109145
109645
109646
109648
109652
109653
109654
109655
110365
110367
110756
110996
111087
111088
111277
112341
112342
112357
112360
112455
112456
114643
114647
114651
114658
114659
114660
114841
114869
114885
114889
115859
115860
115872
115874
115897
115917
115920
115930
115943
115952
116021
116033
116119
116133
116199
116439
116440
116441
117006
117007
117073
117074
118156
118157
118168
118391
118570
118670
118671
118706
119496
119497
119943
120332
120335
120336
120337
120350
120354
120374
120456
120567
120570
120851
120894
120897
120903
120924
121093
121243
121254
121617
121757
121767
121984
122240
122256
122858
123451
123587
123674
123681
123803
123821
123861
123946
124015
124215
124525
124543
124581
124584
125798
125833
125964
125974
125976
126080
126097
126105
126250
126258
126283
126313
126333
126771
126986
127103
127161
127204
127446
127479
127486
127493
127496
127500
127682
127689
127699
127700
127701
127729
127731
127734
127794
127795
127827
127828
129027
129030
129065
129126
129128
129129
129130
129135
129138
129471
129472
129492
129493
129494
129603
129604
129677
129678
129791
129815
129820
129841
129842
130000
130007
130027
130029
130030
130053
130059
130061
130216
130218
130219
130252
130259
130264
130381
130382
130409
130410
130557
130561
130658
130659
130847
130962
130973
131215
131218
131226
131759
131912
131914
131918
131922
131925
132064
132065
132066
132150
132246
133801
133806
133807
134780
134781
135156
136045
136990
137311
137696
137995
137996
137997
138149
138150
138581
138690
138697
138831
138832
138833
138836
138843
138846
138850
138851
138854
138858
138859
138860
138861
138862
138863
138864
138865
138866
138869
138872
138877
138900
138901
138942
139408
139964
139965
139966
141149
141456
141457
141458
141459
142372
142582
142669
142929
142931
142932
142935
142952
142954
142958
142961
142976
143220
143256
143496
143505
143553
143558
143559
143714
143785
144136
144137
144138
144139
144144
144145
144146
144147
144291
144292
144293
144937
144938
145090
145239
145671
145746
146095
146099
146104
146112
146121
146311
146440
146453
147075
147481
147483
147487
147495
147500
147510
147513
147550
147564
147609
147776
147777
148208
148663
148690
148700
148709
148865
148874
149496
149498
149499
149504
149547
149808
149828
149831
150516
151186
151187
151188
151506
151596
151597
151861
151863
152011
152039
152167
152201
152439
152440
152441
152807
153124
153157
153207
153267
153475
153490
153552
153654
153922
153923
154235
154652
154663
154664
154777
154954
155131
155870
155876
155883
156082
156093
156095
156178
156184
156185
156530
156885
157581
157582
157592
157597
157615
157736
157775
157823
157824
157825
157942
157943
157992
158009
158017
158198
158216
158246
158253
158263
158324
158360
158395
158401
158470
158475
158477
158484
158505
158507
158518
158524
158584
158591
158592
158593
158594
158597
158598
158599
158600
158609
158613
158616
158618
158619
158620
158621
158622
158623
158624
158776
159230
159232
159300
159326
159352
159355
159364
159378
159485
159486
159527
159529
159547
159579
159584
159644
159645
159646
159650
159651
159660
159668
159678
159688
159713
159716
159742
159763
159785
159798
159817
159968
160098
160223
160224
160225
160226
160227
160228
160229
160230
160231
160232
160233
160234
160241
160245
160246
160252
160256
160276
160277
160298
160319
160320
160656
160664
160700
160721
160727
160831
160832
160834
160838
160840
160898
160916
160940
160941
160942
161030
161035
161084
161174
161198
161202
161222
161224
161260
161261
161272
161287
161294
161300
161301
161360
161364
161447
161450
161566
161567
161639
161657
161662
161665
161749
161917
162159
162203
162234
162250
162338
162387
162499
162713
162901
163159
163226
163303
163332
163376
163381
163384
163424
163465
163466
163467
163468
163470
163471
163475
163613
163882
163885
163895
163906
163907
163939
163940
163945
163949
163953
163995
164020
164042
164043
164058
164070
164078
164145
164268
164279
164333
164422
164582
164634
164636
164702
165404
165405
165661
165776
165777
165801
165832
165837
166031
166034
166353
166367
166368
166388
166389
166390
166391
166419
166420
166438
166439
166440
166441
166761
166789
166856
166990
167044
167066
167067
167069
167078
167085
167089
167119
167131
167181
167222
167333
167334
167335
167498
167517
167519
167523
167524
167920
167923
167925
167928
168162
168500
168555
168641
168651
168670
168751
168753
168755
168983
168984
168988
168989
169021
169099
169110
169112
169119
169120
169175
169177
169180
169641
170041
170046
170359
170369
170605
170609
170663
170708
170715
170798
170799
170800
170866
170873
170885
170886
170889
170961
170962
170963
170964
170975
171105
171288
171491
171492
171540
171543
171644
171695
171728
171948
171970
171991
171992
171995
172149
172293
172294
172295
172296
172297
172298
172372
172373
172378
172379
172389
172390
172391
172882
172972
172975
172984
172985
172986
172988
172989
172999
173000
173001
173002
173190
173730
173929
173951
174081
174185
174209
174346
174467
174785
175081
175192
175305
175634
175691
175758
175842
176086
176503
176589
176616
176624
176771
176789
176816
176873
177801
178311
178621
179136
179772
179819
179820
179826
179832
179919
179950
180034
180080
180081
180083
180084
180224
180226
180227
180239
180313
180649
180650
181043
182031
182178
182399
182497
182616
182910
183189
183315
183924
183926
184033
184429
184952
184959
185011
185961
186315
186521
187457
187511
187931
187946
187985
188039
188053
188054
188055
188056
188380
188836
188967
188971
188987
188992
189000
189006
189010
189013
189019
189020
189023
189027
189190
189192
189197
189198
189199
189209
189213
189214
189313
189315
189324
189460
189463
189468
189541
189545
189546
189547
189550
189686
189692
189699
189705
189804
189845
189855
189856
189863
189864
190405
190588
191201
191206
191429
191652
192475
193000
193037
193315
193318
193401
193422
193765
194381
194538
194589
195423
197070
197439
197447
197478
198566
198576
198599
198946
199069
199079
199082
199181
199184
199806
199855
199895
200066
200070
200071
200072
200251
202474
202475
202709
203096
42600
42601
42602
42603
42873
42874
42875
42879
63380
67363
78099
78100
79107
79108
80226
80227
90397
92267
92268
96791
96802
96803
97907
97908
97909
98251
98252
98253
98254
99924
