104927 0.0 0.76 0.763666
108368 0.0 0.80 0.801945
108726 0.0 0.86 0.868837
108856 0.0 0.71 0.716341
110199 0.0 0.95 0.959385
113351 0.0 0.85 0.858936
115533 0.0 0.78 0.784055
119865 0.0 0.76 0.762613
120738 0.0 0.76 0.767124
120909 0.0 0.77 0.777053
121210 0.0 0.77 0.773453
121893 0.0 0.70 0.702361
122154 0.0 0.79 0.790609
122990 0.0 0.86 0.86241
123475 0.0 0.86 0.860691
123823 0.0 0.78 0.785905
124034 0.0 0.77 0.77565
125387 0.0 0.78 0.782692
125536 1.0 0.13 0.865645
126266 0.0 0.73 0.739679
128145 0.0 0.86 0.869245
129673 0.0 0.82 0.820556
129953 0.0 0.77 0.77238
132852 0.0 0.75 0.7538
134437 0.0 0.85 0.857406
134796 0.0 0.77 0.774905
137342 0.0 0.74 0.749719
138433 0.0 0.85 0.855074
139176 0.0 0.81 0.819105
139302 0.0 0.73 0.733664
141672 0.0 0.77 0.774806
142766 0.0 0.86 0.868502
142980 1.0 0.12 0.872362
144049 0.0 0.77 0.770703
144182 0.0 0.76 0.76793
144206 0.0 0.96 0.964296
144287 0.0 0.85 0.85337
147072 0.0 0.93 0.938772
148441 0.0 0.77 0.774655
148717 0.0 0.91 0.919792
150795 0.0 0.71 0.719567
152326 0.0 0.72 0.728869
152389 0.0 0.86 0.86185
152991 0.0 0.79 0.79555
153748 0.0 0.80 0.802293
155596 0.0 0.89 0.893234
155718 0.0 0.93 0.937544
156445 0.0 0.93 0.935281
156546 0.0 0.87 0.874531
157972 0.0 0.88 0.887259
159279 0.0 0.77 0.771488
162647 0.0 0.73 0.730241
166347 0.0 0.81 0.815313
169303 0.0 0.76 0.766505
169417 0.0 0.88 0.88845
173349 0.0 0.79 0.793819
179127 0.0 0.74 0.742611
179139 0.0 0.73 0.737068
185173 1.0 0.37 0.62705
186404 1.0 0.11 0.881317
187176 0.0 0.76 0.762523
187291 0.0 0.84 0.842794
188081 0.0 0.78 0.780688
189906 0.0 0.84 0.841331
189916 1.0 0.00 0.99733836
191387 1.0 0.30 0.690989
193452 0.0 0.79 0.799902
193471 0.0 0.73 0.738939
195135 1.0 0.13 0.860556
195538 0.0 0.82 0.825292
196017 0.0 0.90 0.904223
196628 0.0 0.72 0.725816
196958 0.0 0.74 0.740304
197504 0.0 0.91 0.913078
198165 1.0 0.19 0.809089
198259 1.0 0.08 0.9169803
198685 0.0 0.70 0.705351
200527 0.0 0.84 0.840968
201073 0.0 0.70 0.708916
201153 0.0 0.83 0.837766
201981 0.0 0.74 0.74966
93044 0.0 0.88 0.889588
95787 0.0 0.77 0.771887
96520 0.0 0.86 0.867887
96944 0.0 0.82 0.826664
105663 0.0 0.92 0.920346
107514 0.0 0.83 0.835779
115551 0.0 0.77 0.772752
117129 0.0 0.81 0.813024
118042 0.0 0.83 0.833412
121016 0.0 0.76 0.769531
121063 0.0 0.70 0.703708
121388 0.0 0.71 0.715683
123049 0.0 0.79 0.797707
123162 0.0 0.78 0.783182
123940 0.0 0.88 0.885912
129739 0.0 0.78 0.781437
129956 0.0 0.70 0.706646
132552 1.0 0.32 0.679031
139687 1.0 0.32 0.679143
141851 0.0 0.76 0.764088
143333 1.0 0.15 0.845532
144698 0.0 0.75 0.75663
149010 0.0 0.72 0.723093
150716 0.0 0.74 0.743974
150797 1.0 0.15 0.842841
151329 0.0 0.75 0.751904
153390 0.0 0.79 0.792271
153596 0.0 0.84 0.843644
156581 0.0 0.82 0.82116
158005 0.0 0.70 0.70862
158200 0.0 0.75 0.755444
158955 0.0 0.74 0.745221
160750 0.0 0.75 0.750784
165257 1.0 0.16 0.8344
166336 0.0 0.72 0.723854
169642 0.0 0.70 0.706313
169739 0.0 0.80 0.805914
173755 0.0 0.82 0.825094
177214 0.0 0.73 0.734079
179679 0.0 0.72 0.723431
183152 0.0 0.85 0.85884
183186 0.0 0.77 0.774091
183810 1.0 0.37 0.628447
184092 0.0 0.79 0.7978
185152 0.0 0.71 0.71107
185985 0.0 0.75 0.750455
188488 1.0 0.20 0.793427
188928 0.0 0.72 0.724156
190778 0.0 0.76 0.761298
191058 0.0 0.79 0.790135
193469 0.0 0.78 0.788969
193664 1.0 0.31 0.687837
194576 0.0 0.77 0.772906
194685 0.0 0.75 0.758087
198100 0.0 0.72 0.723851
198540 0.0 0.74 0.744719
198590 0.0 0.75 0.75763
198906 0.0 0.77 0.776841
198947 0.0 0.74 0.741722
198977 0.0 0.70 0.708726
199599 0.0 0.73 0.736194
200549 0.0 0.85 0.851289
200557 0.0 0.79 0.79361
201275 1.0 0.30 0.698308
203502 0.0 0.81 0.819305
