189916 1.0 0.00 0.99733836
144206 0.0 0.96 0.964296
110199 0.0 0.95 0.959385
147072 0.0 0.93 0.938772
155718 0.0 0.93 0.937544
156445 0.0 0.93 0.935281
171877 1.0 0.06 0.9345758
131310 1.0 0.06 0.9335467
174340 1.0 0.07 0.9250228
105663 0.0 0.92 0.920346
148717 0.0 0.91 0.919792
198259 1.0 0.08 0.9169803
192473 1.0 0.08 0.9144073
197504 0.0 0.91 0.913078
149836 1.0 0.09 0.9084628
196017 0.0 0.90 0.904223
155596 0.0 0.89 0.893234
168214 0.0 0.89 0.891709
93044 0.0 0.88 0.889588
169417 0.0 0.88 0.88845
157972 0.0 0.88 0.887259
123940 0.0 0.88 0.885912
169208 1.0 0.11 0.881975
186404 1.0 0.11 0.881317
199265 1.0 0.12 0.87863
149501 1.0 0.12 0.875513
194770 1.0 0.12 0.874576
156546 0.0 0.87 0.874531
142980 1.0 0.12 0.872362
198531 1.0 0.12 0.872191
120870 0.0 0.86 0.869706
128145 0.0 0.86 0.869245
108726 0.0 0.86 0.868837
142766 0.0 0.86 0.868502
96520 0.0 0.86 0.867887
125536 1.0 0.13 0.865645
122990 0.0 0.86 0.86241
152389 0.0 0.86 0.86185
123475 0.0 0.86 0.860691
195135 1.0 0.13 0.860556
113351 0.0 0.85 0.858936
183152 0.0 0.85 0.85884
174071 1.0 0.14 0.858503
134437 0.0 0.85 0.857406
138433 0.0 0.85 0.855074
144287 0.0 0.85 0.85337
200549 0.0 0.85 0.851289
143333 1.0 0.15 0.845532
153596 0.0 0.84 0.843644
150797 1.0 0.15 0.842841
187291 0.0 0.84 0.842794
138788 1.0 0.15 0.84194
189906 0.0 0.84 0.841331
200527 0.0 0.84 0.840968
201153 0.0 0.83 0.837766
107514 0.0 0.83 0.835779
196599 0.0 0.83 0.835603
165257 1.0 0.16 0.8344
187007 1.0 0.16 0.833964
118042 0.0 0.83 0.833412
96944 0.0 0.82 0.826664
195538 0.0 0.82 0.825292
173755 0.0 0.82 0.825094
166733 0.0 0.82 0.824167
152758 1.0 0.17 0.823508
156581 0.0 0.82 0.82116
129673 0.0 0.82 0.820556
203502 0.0 0.81 0.819305
139176 0.0 0.81 0.819105
193301 1.0 0.18 0.817986
149981 1.0 0.18 0.817667
166347 0.0 0.81 0.815313
150994 1.0 0.18 0.813967
117129 0.0 0.81 0.813024
198165 1.0 0.19 0.809089
169739 0.0 0.80 0.805914
122190 0.0 0.80 0.803565
192062 1.0 0.19 0.803139
153748 0.0 0.80 0.802293
108368 0.0 0.80 0.801945
193452 0.0 0.79 0.799902
184092 0.0 0.79 0.7978
123049 0.0 0.79 0.797707
152991 0.0 0.79 0.79555
173349 0.0 0.79 0.793819
200557 0.0 0.79 0.79361
188488 1.0 0.20 0.793427
153390 0.0 0.79 0.792271
122154 0.0 0.79 0.790609
191058 0.0 0.79 0.790135
193469 0.0 0.78 0.788969
192458 0.0 0.78 0.788323
123823 0.0 0.78 0.785905
115533 0.0 0.78 0.784055
123162 0.0 0.78 0.783182
125387 0.0 0.78 0.782692
129739 0.0 0.78 0.781437
128124 0.0 0.78 0.781127
188081 0.0 0.78 0.780688
120909 0.0 0.77 0.777053
198906 0.0 0.77 0.776841
124034 0.0 0.77 0.77565
126824 0.0 0.77 0.77523
134796 0.0 0.77 0.774905
141672 0.0 0.77 0.774806
148441 0.0 0.77 0.774655
183186 0.0 0.77 0.774091
121210 0.0 0.77 0.773453
194576 0.0 0.77 0.772906
115551 0.0 0.77 0.772752
156753 0.0 0.77 0.772556
129953 0.0 0.77 0.77238
95787 0.0 0.77 0.771887
159279 0.0 0.77 0.771488
130693 0.0 0.77 0.770904
191361 0.0 0.77 0.770728
144049 0.0 0.77 0.770703
96715 0.0 0.77 0.770123
121016 0.0 0.76 0.769531
144182 0.0 0.76 0.76793
120738 0.0 0.76 0.767124
169303 0.0 0.76 0.766505
167062 1.0 0.23 0.764334
141851 0.0 0.76 0.764088
104927 0.0 0.76 0.763666
119865 0.0 0.76 0.762613
187176 0.0 0.76 0.762523
190778 0.0 0.76 0.761298
195098 1.0 0.24 0.75923
117028 0.0 0.75 0.758754
95784 0.0 0.75 0.758363
194685 0.0 0.75 0.758087
198590 0.0 0.75 0.75763
144698 0.0 0.75 0.75663
158200 0.0 0.75 0.755444
132852 0.0 0.75 0.7538
186317 0.0 0.75 0.753608
151329 0.0 0.75 0.751904
160750 0.0 0.75 0.750784
185985 0.0 0.75 0.750455
137342 0.0 0.74 0.749719
201981 0.0 0.74 0.74966
120817 0.0 0.74 0.7496
118644 0.0 0.74 0.745409
158955 0.0 0.74 0.745221
177209 0.0 0.74 0.745191
198540 0.0 0.74 0.744719
150716 0.0 0.74 0.743974
179146 1.0 0.25 0.743597
179127 0.0 0.74 0.742611
188455 1.0 0.25 0.742469
198947 0.0 0.74 0.741722
144706 0.0 0.74 0.741107
184023 0.0 0.74 0.740432
196958 0.0 0.74 0.740304
126266 0.0 0.73 0.739679
193471 0.0 0.73 0.738939
189791 1.0 0.26 0.737777
179139 0.0 0.73 0.737068
199599 0.0 0.73 0.736194
121492 0.0 0.73 0.734359
177214 0.0 0.73 0.734079
139302 0.0 0.73 0.733664
135254 0.0 0.73 0.732563
199465 0.0 0.73 0.731019
121789 1.0 0.26 0.730635
162647 0.0 0.73 0.730241
152326 0.0 0.72 0.728869
131290 0.0 0.72 0.728839
196628 0.0 0.72 0.725816
156280 0.0 0.72 0.724344
188928 0.0 0.72 0.724156
166336 0.0 0.72 0.723854
198100 0.0 0.72 0.723851
179679 0.0 0.72 0.723431
149010 0.0 0.72 0.723093
137599 0.0 0.72 0.7224
150795 0.0 0.71 0.719567
95791 0.0 0.71 0.719255
167430 0.0 0.71 0.719091
137832 1.0 0.28 0.71695
125338 0.0 0.71 0.716395
108856 0.0 0.71 0.716341
158731 0.0 0.71 0.716198
121388 0.0 0.71 0.715683
134745 0.0 0.71 0.715394
145907 1.0 0.28 0.714781
150781 0.0 0.71 0.713953
131997 0.0 0.71 0.713655
150080 1.0 0.28 0.712503
177255 1.0 0.28 0.71143
185152 0.0 0.71 0.71107
201073 0.0 0.70 0.708916
198977 0.0 0.70 0.708726
158005 0.0 0.70 0.70862
156685 0.0 0.70 0.707762
141062 0.0 0.70 0.706702
129956 0.0 0.70 0.706646
169642 0.0 0.70 0.706313
198685 0.0 0.70 0.705351
129691 0.0 0.70 0.705311
121063 0.0 0.70 0.703708
141151 0.0 0.70 0.703143
154117 0.0 0.70 0.702466
121893 0.0 0.70 0.702361
193409 0.0 0.70 0.701309
143325 1.0 0.30 0.69937
126687 0.0 0.69 0.699339
201275 1.0 0.30 0.698308
135341 0.0 0.69 0.698098
191292 0.0 0.69 0.696689
169673 1.0 0.30 0.696107
143936 0.0 0.69 0.696099
167200 0.0 0.69 0.695502
159673 0.0 0.69 0.694034
181442 0.0 0.69 0.694029
161500 0.0 0.69 0.692614
115863 0.0 0.69 0.692219
123102 0.0 0.69 0.692182
188802 0.0 0.69 0.691826
191387 1.0 0.30 0.690989
133514 0.0 0.69 0.690811
196864 0.0 0.69 0.69018
193397 0.0 0.68 0.68825
121581 0.0 0.68 0.687981
193664 1.0 0.31 0.687837
117987 0.0 0.68 0.686834
166068 0.0 0.68 0.685495
164888 0.0 0.68 0.684789
117274 1.0 0.31 0.684398
147498 0.0 0.68 0.684248
137094 0.0 0.68 0.683485
179926 0.0 0.68 0.682929
192090 1.0 0.31 0.682759
170020 0.0 0.68 0.681394
201535 0.0 0.68 0.68122
187969 0.0 0.68 0.681198
139687 1.0 0.32 0.679143
132552 1.0 0.32 0.679031
138964 0.0 0.67 0.678883
203224 0.0 0.67 0.678512
158710 1.0 0.32 0.6784
203223 0.0 0.67 0.678178
141974 0.0 0.67 0.677862
115989 0.0 0.67 0.677659
126357 0.0 0.67 0.677595
148016 0.0 0.67 0.677198
127378 0.0 0.67 0.67641
203449 0.0 0.67 0.674576
195794 0.0 0.67 0.674277
158432 0.0 0.67 0.673747
156024 0.0 0.67 0.673289
199130 0.0 0.67 0.672856
158235 0.0 0.67 0.671526
144230 0.0 0.67 0.671304
201435 0.0 0.67 0.671168
182999 0.0 0.67 0.670935
118158 0.0 0.66 0.669802
195245 0.0 0.66 0.668253
120896 0.0 0.66 0.667984
126362 0.0 0.66 0.666798
177762 0.0 0.66 0.666686
136468 0.0 0.66 0.666669
152318 0.0 0.66 0.666553
158903 0.0 0.66 0.665845
148023 0.0 0.66 0.665744
174879 0.0 0.66 0.665512
197610 0.0 0.66 0.665289
124431 0.0 0.66 0.664257
200434 0.0 0.66 0.663169
187198 0.0 0.66 0.663053
177314 0.0 0.66 0.662692
112513 0.0 0.66 0.662668
129023 0.0 0.66 0.66264
200804 0.0 0.66 0.662349
200397 0.0 0.66 0.661692
203359 0.0 0.66 0.660482
122895 1.0 0.34 0.659261
196107 1.0 0.34 0.659124
196998 0.0 0.65 0.658434
201803 0.0 0.65 0.657959
137217 1.0 0.34 0.657431
196891 0.0 0.65 0.656003
202970 0.0 0.65 0.654967
194672 0.0 0.65 0.654391
148752 1.0 0.34 0.654214
127443 0.0 0.65 0.654201
112895 0.0 0.65 0.654016
129075 0.0 0.65 0.6537
116703 0.0 0.65 0.653555
67037 0.0 0.65 0.652865
122732 0.0 0.65 0.652402
156108 0.0 0.65 0.651569
145026 0.0 0.65 0.651377
130326 0.0 0.65 0.6511
157011 0.0 0.65 0.650664
157178 1.0 0.35 0.649884
181521 0.0 0.64 0.648537
120865 0.0 0.64 0.648433
121514 0.0 0.64 0.64763
191346 1.0 0.35 0.647448
174877 0.0 0.64 0.647295
189487 0.0 0.64 0.646971
145249 0.0 0.64 0.646393
123349 0.0 0.64 0.646359
129647 0.0 0.64 0.646308
123618 0.0 0.64 0.646074
119371 1.0 0.35 0.646015
164365 0.0 0.64 0.645864
196490 0.0 0.64 0.645728
202025 1.0 0.35 0.645617
117491 0.0 0.64 0.645053
195175 0.0 0.64 0.644994
129238 0.0 0.64 0.644255
191912 1.0 0.35 0.643805
123779 0.0 0.64 0.643338
162913 0.0 0.64 0.643008
158374 0.0 0.64 0.642873
182557 0.0 0.64 0.642721
157042 0.0 0.64 0.642421
129868 0.0 0.64 0.640974
136335 0.0 0.64 0.640919
189558 0.0 0.64 0.640432
156504 0.0 0.64 0.640317
144041 0.0 0.63 0.639744
122193 0.0 0.63 0.637216
197961 0.0 0.63 0.636324
155491 0.0 0.63 0.636279
120521 1.0 0.36 0.634879
150024 0.0 0.63 0.634552
122733 0.0 0.63 0.633571
165350 0.0 0.63 0.633446
189787 1.0 0.36 0.633002
178711 0.0 0.63 0.632152
180730 0.0 0.63 0.630808
199149 1.0 0.36 0.630025
151998 1.0 0.37 0.629804
194988 0.0 0.62 0.629655
195238 0.0 0.62 0.629644
126738 1.0 0.37 0.62932
120929 0.0 0.62 0.628995
160109 0.0 0.62 0.628949
169344 0.0 0.62 0.628845
183810 1.0 0.37 0.628447
148528 0.0 0.62 0.628192
150032 0.0 0.62 0.628155
115467 0.0 0.62 0.627445
138420 0.0 0.62 0.627437
185173 1.0 0.37 0.62705
183229 0.0 0.62 0.625288
186496 0.0 0.62 0.62351
170984 0.0 0.62 0.623086
111807 0.0 0.62 0.621356
128955 0.0 0.62 0.620589
157121 0.0 0.62 0.620354
96652 0.0 0.62 0.620347
185524 0.0 0.61 0.619296
129590 0.0 0.61 0.618976
137648 0.0 0.61 0.618675
178509 0.0 0.61 0.618012
131230 1.0 0.38 0.617089
196431 0.0 0.61 0.616874
120449 0.0 0.61 0.616743
156793 0.0 0.61 0.616026
199699 0.0 0.61 0.615822
149703 0.0 0.61 0.615533
178555 0.0 0.61 0.615385
163629 0.0 0.61 0.614286
191492 0.0 0.61 0.614147
112944 0.0 0.61 0.612412
203455 0.0 0.61 0.611931
198550 1.0 0.38 0.611587
186383 0.0 0.61 0.610552
200874 0.0 0.61 0.610091
172033 0.0 0.60 0.608585
199593 0.0 0.60 0.60787
196829 1.0 0.39 0.607297
186879 0.0 0.60 0.607046
200258 0.0 0.60 0.606166
106114 0.0 0.60 0.606054
165675 0.0 0.60 0.605148
158918 0.0 0.60 0.605145
158580 0.0 0.60 0.604831
198651 0.0 0.60 0.604354
148957 0.0 0.60 0.603216
157244 1.0 0.39 0.603148
140890 0.0 0.60 0.602963
139819 0.0 0.60 0.602295
202202 0.0 0.60 0.601272
121453 0.0 0.60 0.601151
157422 0.0 0.59 0.597851
121382 0.0 0.59 0.597848
142413 0.0 0.59 0.597784
193231 0.0 0.59 0.597541
184789 0.0 0.59 0.597504
113600 0.0 0.59 0.596622
117080 0.0 0.59 0.595676
140938 0.0 0.59 0.595375
189138 0.0 0.59 0.594135
126849 0.0 0.59 0.593938
186314 1.0 0.40 0.592344
142210 0.0 0.59 0.592085
130778 0.0 0.59 0.591998
180209 0.0 0.59 0.5918
147939 0.0 0.59 0.591694
120702 1.0 0.40 0.591249
132072 0.0 0.59 0.590762
187502 1.0 0.40 0.590528
202830 0.0 0.58 0.589862
126539 0.0 0.58 0.589805
156583 1.0 0.41 0.589109
188086 0.0 0.58 0.589104
197325 1.0 0.41 0.588599
203149 0.0 0.58 0.587427
194807 1.0 0.41 0.587317
191857 0.0 0.58 0.587132
194262 0.0 0.58 0.587125
147447 0.0 0.58 0.586604
191959 0.0 0.58 0.586344
185830 0.0 0.58 0.586339
125551 1.0 0.41 0.586305
191094 0.0 0.58 0.586104
181383 0.0 0.58 0.585597
177472 0.0 0.58 0.58558
200865 0.0 0.58 0.585094
156344 0.0 0.58 0.584619
162542 0.0 0.58 0.581251
175449 0.0 0.57 0.578769
171335 0.0 0.57 0.578505
169023 0.0 0.57 0.578488
163965 0.0 0.57 0.578382
128340 0.0 0.57 0.578353
181975 0.0 0.57 0.578101
196870 0.0 0.57 0.577408
117485 0.0 0.57 0.576657
190713 1.0 0.42 0.576618
100978 0.0 0.57 0.576563
140241 0.0 0.57 0.576458
201361 0.0 0.57 0.576242
148132 0.0 0.57 0.576196
105594 0.0 0.57 0.57608
157713 1.0 0.42 0.575233
182974 0.0 0.57 0.574462
144672 0.0 0.57 0.574246
138210 0.0 0.57 0.573378
141834 0.0 0.57 0.573339
121056 0.0 0.57 0.573197
158010 0.0 0.57 0.572129
125347 1.0 0.42 0.571716
135129 0.0 0.57 0.570843
118929 0.0 0.56 0.569711
180962 0.0 0.56 0.569426
167360 0.0 0.56 0.569255
161801 0.0 0.56 0.569246
172036 0.0 0.56 0.568875
193067 1.0 0.43 0.568813
202531 0.0 0.56 0.568789
141481 0.0 0.56 0.568238
194749 1.0 0.43 0.568215
194919 0.0 0.56 0.567993
194929 1.0 0.43 0.567113
192499 0.0 0.56 0.566882
118738 0.0 0.56 0.566538
149648 0.0 0.56 0.56647
165382 0.0 0.56 0.566226
145615 0.0 0.56 0.565344
192148 1.0 0.43 0.565137
164861 0.0 0.56 0.564886
144107 0.0 0.56 0.56476
191368 0.0 0.56 0.564675
191796 0.0 0.56 0.564489
190748 0.0 0.56 0.56441
151203 0.0 0.56 0.564287
198625 0.0 0.56 0.564234
199139 0.0 0.56 0.563994
157768 0.0 0.56 0.562967
152088 0.0 0.56 0.562917
199504 1.0 0.43 0.562373
156869 0.0 0.56 0.56219
200863 0.0 0.56 0.561664
116490 1.0 0.43 0.561101
133023 0.0 0.56 0.560418
179034 0.0 0.56 0.560093
138037 0.0 0.55 0.559873
199586 0.0 0.55 0.559816
128964 0.0 0.55 0.559734
173624 0.0 0.55 0.559664
201323 1.0 0.44 0.559656
196238 0.0 0.55 0.559235
186653 0.0 0.55 0.558568
132109 1.0 0.44 0.558058
190912 0.0 0.55 0.558022
119292 0.0 0.55 0.558019
153325 0.0 0.55 0.557837
178231 0.0 0.55 0.557712
143271 0.0 0.55 0.557258
165945 0.0 0.55 0.557012
179655 0.0 0.55 0.556999
127244 0.0 0.55 0.556856
151873 0.0 0.55 0.556822
166784 0.0 0.55 0.556125
203155 0.0 0.55 0.555892
199781 0.0 0.55 0.555488
143561 0.0 0.55 0.555206
126035 0.0 0.55 0.554658
180243 0.0 0.55 0.554358
199519 0.0 0.55 0.553276
121187 0.0 0.55 0.552893
188394 0.0 0.55 0.552834
153182 0.0 0.55 0.552249
187429 0.0 0.55 0.551885
179689 0.0 0.55 0.551756
153788 0.0 0.55 0.551575
165569 0.0 0.55 0.550672
139168 0.0 0.54 0.549965
150532 1.0 0.45 0.549246
199097 0.0 0.54 0.549095
169232 0.0 0.54 0.54896
199138 0.0 0.54 0.548744
182416 0.0 0.54 0.548724
201291 0.0 0.54 0.548716
118558 0.0 0.54 0.547708
196663 1.0 0.45 0.547637
123282 0.0 0.54 0.54748
144488 0.0 0.54 0.547349
177366 0.0 0.54 0.547181
141577 0.0 0.54 0.546847
190035 0.0 0.54 0.546414
129735 0.0 0.54 0.54625
67195 0.0 0.54 0.546144
196128 1.0 0.45 0.545284
199742 1.0 0.45 0.544813
194565 0.0 0.54 0.543864
149824 0.0 0.54 0.543438
125584 0.0 0.54 0.542629
203193 0.0 0.54 0.542612
174417 0.0 0.54 0.542598
146179 0.0 0.54 0.542189
151819 0.0 0.54 0.542039
173226 0.0 0.54 0.542008
170363 1.0 0.45 0.54136
123117 0.0 0.54 0.540104
159975 0.0 0.53 0.538782
142889 0.0 0.53 0.538083
184462 0.0 0.53 0.537594
155606 0.0 0.53 0.537503
153036 0.0 0.53 0.537077
199619 0.0 0.53 0.536554
130301 0.0 0.53 0.536399
130255 0.0 0.53 0.53633
184779 0.0 0.53 0.535062
127196 1.0 0.46 0.535019
144517 0.0 0.53 0.534568
148533 0.0 0.53 0.534396
195841 0.0 0.53 0.532837
156521 0.0 0.53 0.532199
152517 0.0 0.53 0.532031
186889 0.0 0.53 0.531976
131948 0.0 0.53 0.531956
157748 0.0 0.53 0.531426
189528 0.0 0.53 0.531373
201406 0.0 0.53 0.531367
161508 0.0 0.53 0.531128
108777 1.0 0.46 0.530795
189189 0.0 0.53 0.530181
136033 0.0 0.52 0.529078
158721 0.0 0.52 0.52817
118617 0.0 0.52 0.528094
135993 0.0 0.52 0.527732
184531 0.0 0.52 0.527572
188309 1.0 0.47 0.527448
191561 0.0 0.52 0.527416
202698 0.0 0.52 0.527294
195185 1.0 0.47 0.526343
134653 0.0 0.52 0.526138
150131 0.0 0.52 0.526114
200041 0.0 0.52 0.525812
201462 0.0 0.52 0.524821
120945 0.0 0.52 0.524227
198176 0.0 0.52 0.524153
195929 0.0 0.52 0.52393
157269 1.0 0.47 0.523922
200946 0.0 0.52 0.523541
199911 1.0 0.47 0.523485
142119 0.0 0.52 0.523173
179722 0.0 0.52 0.523095
142639 0.0 0.52 0.523009
162570 0.0 0.52 0.522722
125545 1.0 0.47 0.522634
198673 1.0 0.47 0.522491
193760 0.0 0.52 0.5219
199420 0.0 0.52 0.521652
154145 0.0 0.52 0.52145
157806 0.0 0.52 0.521288
163742 0.0 0.52 0.521178
117942 0.0 0.52 0.520942
196323 1.0 0.47 0.520722
180199 0.0 0.52 0.520474
203139 0.0 0.52 0.520312
167165 0.0 0.51 0.519027
202672 0.0 0.51 0.51895
143574 0.0 0.51 0.518787
173472 0.0 0.51 0.518711
175083 0.0 0.51 0.518545
118147 0.0 0.51 0.518508
136575 0.0 0.51 0.518424
156640 0.0 0.51 0.518335
121553 1.0 0.48 0.517922
188351 0.0 0.51 0.517667
171162 0.0 0.51 0.517238
103949 0.0 0.51 0.516226
123543 0.0 0.51 0.515899
151166 0.0 0.51 0.51519
192102 0.0 0.51 0.515039
194533 1.0 0.48 0.51415
140649 0.0 0.51 0.513946
191564 0.0 0.51 0.513674
139784 0.0 0.51 0.512464
134840 0.0 0.51 0.512134
164528 0.0 0.51 0.512112
171821 0.0 0.51 0.511719
128180 0.0 0.51 0.5114
187819 0.0 0.51 0.511048
189277 1.0 0.48 0.510668
199799 1.0 0.49 0.509585
151354 1.0 0.49 0.509242
190401 0.0 0.50 0.50817
160709 0.0 0.50 0.507187
129519 0.0 0.50 0.507178
178210 0.0 0.50 0.507078
149422 0.0 0.50 0.507063
166094 0.0 0.50 0.50698
203408 0.0 0.50 0.50681
189034 0.0 0.50 0.506377
189778 0.0 0.50 0.505942
151193 0.0 0.50 0.505764
132049 0.0 0.50 0.505393
202577 0.0 0.50 0.504531
157339 0.0 0.50 0.503717
126636 0.0 0.50 0.503401
188943 0.0 0.50 0.502562
155687 0.0 0.50 0.502492
118161 0.0 0.50 0.502458
195522 0.0 0.50 0.501579
157720 0.0 0.50 0.501563
151872 0.0 0.50 0.501082
122152 0.0 0.50 0.500888
167121 1.0 0.49 0.500405
182282 0.0 0.50 0.500009
