189916 1.0 0.00 0.99733836
171877 1.0 0.06 0.9345758
131310 1.0 0.06 0.9335467
174340 1.0 0.07 0.9250228
198259 1.0 0.08 0.9169803
192473 1.0 0.08 0.9144073
149836 1.0 0.09 0.9084628
169208 1.0 0.11 0.881975
186404 1.0 0.11 0.881317
199265 1.0 0.12 0.87863
149501 1.0 0.12 0.875513
194770 1.0 0.12 0.874576
142980 1.0 0.12 0.872362
198531 1.0 0.12 0.872191
125536 1.0 0.13 0.865645
195135 1.0 0.13 0.860556
174071 1.0 0.14 0.858503
143333 1.0 0.15 0.845532
150797 1.0 0.15 0.842841
138788 1.0 0.15 0.84194
165257 1.0 0.16 0.8344
187007 1.0 0.16 0.833964
152758 1.0 0.17 0.823508
193301 1.0 0.18 0.817986
149981 1.0 0.18 0.817667
150994 1.0 0.18 0.813967
198165 1.0 0.19 0.809089
192062 1.0 0.19 0.803139
188488 1.0 0.20 0.793427
167062 1.0 0.23 0.764334
195098 1.0 0.24 0.75923
179146 1.0 0.25 0.743597
188455 1.0 0.25 0.742469
189791 1.0 0.26 0.737777
121789 1.0 0.26 0.730635
137832 1.0 0.28 0.71695
145907 1.0 0.28 0.714781
150080 1.0 0.28 0.712503
177255 1.0 0.28 0.71143
143325 1.0 0.30 0.69937
201275 1.0 0.30 0.698308
169673 1.0 0.30 0.696107
191387 1.0 0.30 0.690989
193664 1.0 0.31 0.687837
117274 1.0 0.31 0.684398
192090 1.0 0.31 0.682759
139687 1.0 0.32 0.679143
132552 1.0 0.32 0.679031
158710 1.0 0.32 0.6784
122895 1.0 0.34 0.659261
196107 1.0 0.34 0.659124
137217 1.0 0.34 0.657431
148752 1.0 0.34 0.654214
157178 1.0 0.35 0.649884
191346 1.0 0.35 0.647448
119371 1.0 0.35 0.646015
202025 1.0 0.35 0.645617
191912 1.0 0.35 0.643805
120521 1.0 0.36 0.634879
189787 1.0 0.36 0.633002
199149 1.0 0.36 0.630025
151998 1.0 0.37 0.629804
126738 1.0 0.37 0.62932
183810 1.0 0.37 0.628447
185173 1.0 0.37 0.62705
131230 1.0 0.38 0.617089
198550 1.0 0.38 0.611587
196829 1.0 0.39 0.607297
157244 1.0 0.39 0.603148
186314 1.0 0.40 0.592344
120702 1.0 0.40 0.591249
187502 1.0 0.40 0.590528
156583 1.0 0.41 0.589109
197325 1.0 0.41 0.588599
194807 1.0 0.41 0.587317
125551 1.0 0.41 0.586305
190713 1.0 0.42 0.576618
157713 1.0 0.42 0.575233
125347 1.0 0.42 0.571716
193067 1.0 0.43 0.568813
194749 1.0 0.43 0.568215
194929 1.0 0.43 0.567113
192148 1.0 0.43 0.565137
199504 1.0 0.43 0.562373
116490 1.0 0.43 0.561101
201323 1.0 0.44 0.559656
132109 1.0 0.44 0.558058
150532 1.0 0.45 0.549246
196663 1.0 0.45 0.547637
196128 1.0 0.45 0.545284
199742 1.0 0.45 0.544813
170363 1.0 0.45 0.54136
127196 1.0 0.46 0.535019
108777 1.0 0.46 0.530795
188309 1.0 0.47 0.527448
195185 1.0 0.47 0.526343
157269 1.0 0.47 0.523922
199911 1.0 0.47 0.523485
125545 1.0 0.47 0.522634
198673 1.0 0.47 0.522491
196323 1.0 0.47 0.520722
121553 1.0 0.48 0.517922
194533 1.0 0.48 0.51415
189277 1.0 0.48 0.510668
199799 1.0 0.49 0.509585
151354 1.0 0.49 0.509242
167121 1.0 0.49 0.500405
200825 1.0 0.50 0.494849
202996 1.0 0.50 0.493944
194820 1.0 0.50 0.492256
150881 1.0 0.50 0.490381
132104 1.0 0.51 0.489761
153652 1.0 0.51 0.486029
142844 1.0 0.51 0.482384
121373 1.0 0.51 0.481541
104228 1.0 0.52 0.479329
195118 1.0 0.52 0.474427
199751 1.0 0.52 0.473178
138410 1.0 0.52 0.470092
71411 1.0 0.53 0.469033
112564 1.0 0.53 0.46823
132777 1.0 0.53 0.467692
189126 1.0 0.53 0.466325
190714 1.0 0.53 0.462332
120726 1.0 0.53 0.461223
187781 1.0 0.54 0.458789
126816 1.0 0.55 0.449945
150722 1.0 0.55 0.440431
148157 1.0 0.56 0.435129
122864 1.0 0.56 0.433179
132745 1.0 0.56 0.43208
120685 1.0 0.56 0.430193
199210 1.0 0.57 0.428565
195479 1.0 0.57 0.424234
129836 1.0 0.57 0.422319
120437 1.0 0.57 0.421666
140452 1.0 0.57 0.42098
127736 1.0 0.58 0.418205
182865 1.0 0.58 0.415395
183511 1.0 0.58 0.414756
118602 1.0 0.58 0.414622
136700 1.0 0.58 0.410662
169203 1.0 0.59 0.408932
191224 1.0 0.59 0.406095
134544 1.0 0.59 0.404832
177471 1.0 0.59 0.404449
174080 1.0 0.59 0.402912
141361 1.0 0.59 0.400786
121429 1.0 0.60 0.396125
181645 1.0 0.60 0.392916
195067 1.0 0.61 0.387188
188964 1.0 0.61 0.384035
144972 1.0 0.61 0.38039
195736 1.0 0.62 0.379302
121519 1.0 0.62 0.377816
117159 1.0 0.62 0.377415
148794 1.0 0.62 0.375397
127820 1.0 0.62 0.375266
147787 1.0 0.62 0.372601
199638 1.0 0.62 0.372568
194574 1.0 0.63 0.36224
187060 1.0 0.63 0.360797
151109 1.0 0.63 0.360422
125577 1.0 0.64 0.356985
155965 1.0 0.64 0.356702
192387 1.0 0.64 0.35445
138951 1.0 0.64 0.353083
160041 1.0 0.64 0.352508
201559 1.0 0.64 0.351824
169237 1.0 0.64 0.351028
123922 1.0 0.65 0.349868
197516 1.0 0.65 0.345492
122968 1.0 0.65 0.341843
192309 1.0 0.66 0.33899
146751 1.0 0.66 0.337417
119295 1.0 0.66 0.330321
147056 1.0 0.67 0.324291
100979 1.0 0.67 0.321672
191817 1.0 0.67 0.32036
154821 1.0 0.67 0.320198
115539 1.0 0.68 0.31872
129978 1.0 0.68 0.316048
110907 1.0 0.68 0.315957
145549 1.0 0.69 0.308219
141170 1.0 0.69 0.307779
126364 1.0 0.69 0.306605
121491 1.0 0.69 0.305708
144832 1.0 0.69 0.304124
115537 1.0 0.69 0.30402
167123 1.0 0.69 0.303237
123412 1.0 0.69 0.302773
110363 1.0 0.69 0.302346
108363 1.0 0.69 0.301614
123242 1.0 0.69 0.300958
121420 1.0 0.70 0.29881
152294 1.0 0.70 0.29678
136400 1.0 0.70 0.296452
120883 1.0 0.70 0.294652
188783 1.0 0.70 0.294333
111817 1.0 0.70 0.292157
123160 1.0 0.70 0.290074
112478 1.0 0.71 0.289385
150565 1.0 0.71 0.289123
194747 1.0 0.71 0.285693
121583 1.0 0.71 0.282615
107496 1.0 0.71 0.281742
160631 1.0 0.71 0.281243
157856 1.0 0.71 0.280389
119531 1.0 0.72 0.272839
120677 1.0 0.72 0.271767
192355 1.0 0.73 0.268662
200734 1.0 0.73 0.2672
128233 1.0 0.73 0.266785
139161 1.0 0.73 0.266584
191999 1.0 0.73 0.260538
120785 1.0 0.74 0.255014
109651 1.0 0.74 0.25017
129832 1.0 0.75 0.249192
197972 1.0 0.75 0.244737
139163 1.0 0.75 0.244684
196963 1.0 0.75 0.242919
194933 1.0 0.75 0.242882
106967 1.0 0.75 0.242844
135954 1.0 0.75 0.242529
199479 1.0 0.75 0.241215
92508 1.0 0.76 0.238465
150550 1.0 0.76 0.237438
200995 1.0 0.76 0.236763
116816 1.0 0.76 0.236141
127223 1.0 0.76 0.234479
155720 1.0 0.76 0.234466
197556 1.0 0.76 0.233006
145904 1.0 0.76 0.232713
138016 1.0 0.76 0.232493
197273 1.0 0.76 0.232488
139483 1.0 0.76 0.2302
170222 1.0 0.77 0.229159
117249 1.0 0.77 0.229107
168573 1.0 0.77 0.228237
169619 1.0 0.77 0.223781
178101 1.0 0.78 0.219913
134087 1.0 0.78 0.215392
132657 1.0 0.78 0.214013
109619 1.0 0.78 0.213956
129844 1.0 0.78 0.213935
141030 1.0 0.78 0.210603
130015 1.0 0.78 0.210261
156988 1.0 0.79 0.20637
203295 1.0 0.79 0.206125
108555 1.0 0.79 0.204846
111143 1.0 0.80 0.193371
150978 1.0 0.80 0.192921
138029 1.0 0.80 0.191825
156764 1.0 0.80 0.19135
126360 1.0 0.81 0.185655
136899 1.0 0.81 0.184931
154915 1.0 0.81 0.183891
182911 1.0 0.81 0.18338
152284 1.0 0.81 0.181604
133515 1.0 0.81 0.181136
143626 1.0 0.82 0.177663
197227 1.0 0.82 0.177081
115818 1.0 0.82 0.173255
123651 1.0 0.83 0.168968
120899 1.0 0.83 0.165943
156666 1.0 0.83 0.164155
197332 1.0 0.83 0.163823
121530 1.0 0.83 0.162947
198640 1.0 0.84 0.159259
108562 1.0 0.84 0.154534
115828 1.0 0.84 0.154094
188850 1.0 0.84 0.153124
108545 1.0 0.85 0.148414
168368 1.0 0.85 0.146609
112159 1.0 0.85 0.144536
144020 1.0 0.86 0.138632
114724 1.0 0.86 0.134594
118105 1.0 0.86 0.130855
160627 1.0 0.87 0.128326
127279 1.0 0.87 0.128136
141428 1.0 0.87 0.127165
198488 1.0 0.87 0.125444
142594 1.0 0.87 0.123908
134897 1.0 0.88 0.110659
112109 1.0 0.89 0.109028
138606 1.0 0.89 0.103975
105597 1.0 0.89 0.102075
189521 1.0 0.89 0.101283
188635 1.0 0.90 0.09702
141407 1.0 0.90 0.095962
160629 1.0 0.90 0.092123
134351 1.0 0.91 0.088496
108227 1.0 0.91 0.088395
153591 1.0 0.91 0.087714
173037 1.0 0.91 0.086431
148719 1.0 0.91 0.085773
108228 1.0 0.91 0.085343
159296 1.0 0.92 0.079895
160619 1.0 0.92 0.079729
95083 1.0 0.92 0.077592
114715 1.0 0.92 0.075359
79047 1.0 0.93 0.067667
93393 1.0 0.93 0.06568
109218 1.0 0.93 0.061166
158657 1.0 0.94 0.056181
112459 1.0 0.94 0.055493
123972 1.0 0.94 0.054864
160620 1.0 0.95 0.048613
128732 1.0 0.95 0.045455
155691 1.0 0.95 0.044484
183316 1.0 0.95 0.043139
144023 1.0 0.96 0.039493
109628 1.0 0.96 0.037668
144343 1.0 0.96 0.035912
166577 1.0 0.96 0.030941
