174563 0.0 0.00 0.00290266
177571 0.0 0.00 0.00436942
166327 0.0 0.00 0.00446806
187437 0.0 0.00 0.00474336
146235 0.0 0.00 0.00518927
178069 0.0 0.00 0.00592418
170726 0.0 0.00 0.00638659
177657 0.0 0.00 0.00674504
141639 0.0 0.00 0.00716061
191239 0.0 0.00 0.00732554
177389 0.0 0.00 0.00745462
155636 0.0 0.00 0.00747579
187714 0.0 0.00 0.00828829
143059 0.0 0.00 0.0083357
172594 0.0 0.00 0.00867977
168159 0.0 0.00 0.00871197
160116 0.0 0.00 0.00872896
190986 0.0 0.00 0.00877574
166843 0.0 0.00 0.00887758
141898 0.0 0.00 0.00916106
182539 0.0 0.00 0.00957065
196940 0.0 0.00 0.00975887
169413 0.0 0.00 0.00995425
160380 0.0 0.01 0.0103126
180049 0.0 0.01 0.0106363
175354 0.0 0.01 0.0106832
160375 0.0 0.01 0.0108369
173997 0.0 0.01 0.0111515
187470 0.0 0.01 0.011221
170565 0.0 0.01 0.0116014
193012 0.0 0.01 0.011614
143397 0.0 0.01 0.0116729
161319 0.0 0.01 0.0117876
148447 0.0 0.01 0.0118299
161848 0.0 0.01 0.0123624
151657 0.0 0.01 0.0126147
145788 0.0 0.01 0.0127814
168243 0.0 0.01 0.0128157
198796 0.0 0.01 0.0128734
165029 0.0 0.01 0.0134927
167076 0.0 0.01 0.0138251
157644 0.0 0.01 0.0138372
160511 0.0 0.01 0.0139546
124886 0.0 0.01 0.0139969
153305 0.0 0.01 0.0141778
169636 0.0 0.01 0.0141801
170988 0.0 0.01 0.0143223
153114 0.0 0.01 0.0144454
150145 0.0 0.01 0.0144884
176693 0.0 0.01 0.0146236
198798 0.0 0.01 0.015326
182535 0.0 0.01 0.0154403
168788 0.0 0.01 0.0158466
169598 0.0 0.01 0.0163027
142974 0.0 0.01 0.0163141
140676 0.0 0.01 0.0163404
154425 0.0 0.01 0.0170603
160917 0.0 0.01 0.0171656
168239 0.0 0.01 0.0176993
154900 0.0 0.01 0.0178315
193497 0.0 0.01 0.0178421
146746 0.0 0.01 0.017931
145216 0.0 0.01 0.018546
152792 0.0 0.01 0.0185562
158504 0.0 0.01 0.0188751
158846 0.0 0.01 0.0189702
194783 0.0 0.01 0.019016
171413 0.0 0.01 0.0193723
182112 0.0 0.01 0.0196183
141751 0.0 0.02 0.0202171
185186 0.0 0.02 0.0202592
191247 0.0 0.02 0.0202915
131208 0.0 0.02 0.020738
142208 0.0 0.02 0.0209169
151194 0.0 0.02 0.0209412
178834 0.0 0.02 0.0212971
160270 0.0 0.02 0.0213333
174153 0.0 0.02 0.0214803
172954 0.0 0.02 0.0217697
168283 0.0 0.02 0.0221875
152460 0.0 0.02 0.0223031
152688 0.0 0.02 0.0223478
131568 0.0 0.02 0.0223876
124687 0.0 0.02 0.0226657
153228 0.0 0.02 0.0227886
154739 0.0 0.02 0.0229539
146756 0.0 0.02 0.02298
173021 0.0 0.02 0.0232617
183236 0.0 0.02 0.0233175
169596 0.0 0.02 0.0234311
187001 0.0 0.02 0.0234977
176537 0.0 0.02 0.0235783
191575 0.0 0.02 0.0239035
139699 0.0 0.02 0.0240232
140903 0.0 0.02 0.0242255
164112 0.0 0.02 0.0242815
184574 0.0 0.02 0.024332
153957 0.0 0.02 0.0244636
175166 0.0 0.02 0.0245399
198129 0.0 0.02 0.0245701
174755 0.0 0.02 0.0248056
164210 0.0 0.02 0.0248789
178243 0.0 0.02 0.0253148
168858 0.0 0.02 0.0254424
171589 0.0 0.02 0.0254427
195145 0.0 0.02 0.0255275
149652 0.0 0.02 0.0256799
183654 0.0 0.02 0.0259654
178587 0.0 0.02 0.0261062
151966 0.0 0.02 0.0263507
141325 0.0 0.02 0.026391
189345 0.0 0.02 0.0266088
142201 0.0 0.02 0.0266178
190913 0.0 0.02 0.027107
148828 0.0 0.02 0.0275144
140404 0.0 0.02 0.0276572
131545 0.0 0.02 0.0277666
174210 0.0 0.02 0.0280707
186175 0.0 0.02 0.0284626
167894 0.0 0.02 0.0286255
200539 0.0 0.02 0.0290054
165427 0.0 0.02 0.0291034
169891 0.0 0.02 0.0293471
140274 0.0 0.02 0.0294253
147034 0.0 0.02 0.0295326
155394 0.0 0.02 0.0295771
146034 0.0 0.02 0.0298325
169898 0.0 0.03 0.0300357
161311 0.0 0.03 0.0301114
191554 0.0 0.03 0.0301186
173470 0.0 0.03 0.0301514
172142 0.0 0.03 0.0301855
158233 0.0 0.03 0.0304131
165073 0.0 0.03 0.0305593
182869 0.0 0.03 0.0307983
149614 0.0 0.03 0.0309313
166577 1.0 0.96 0.030941
160311 0.0 0.03 0.0309843
179007 0.0 0.03 0.0318236
188821 0.0 0.03 0.0319284
186925 0.0 0.03 0.0321166
158488 0.0 0.03 0.0322387
148519 0.0 0.03 0.0322481
191919 0.0 0.03 0.0324179
155325 0.0 0.03 0.0324349
167245 0.0 0.03 0.0337191
152915 0.0 0.03 0.033819
182771 0.0 0.03 0.033836
183806 0.0 0.03 0.0338447
174193 0.0 0.03 0.0339106
147681 0.0 0.03 0.0339373
163389 0.0 0.03 0.0340792
145999 0.0 0.03 0.034153
178964 0.0 0.03 0.0342755
184772 0.0 0.03 0.034985
161793 0.0 0.03 0.0349852
142096 0.0 0.03 0.0350112
184595 0.0 0.03 0.0350472
169823 0.0 0.03 0.0352137
149329 0.0 0.03 0.0355151
202360 0.0 0.03 0.0357877
188458 0.0 0.03 0.035871
144343 1.0 0.96 0.035912
150695 0.0 0.03 0.0359696
200207 0.0 0.03 0.0362404
193011 0.0 0.03 0.0363509
190651 0.0 0.03 0.0364007
155475 0.0 0.03 0.0365851
201194 0.0 0.03 0.0367452
141940 0.0 0.03 0.0370513
163788 0.0 0.03 0.0370526
164116 0.0 0.03 0.0373703
173273 0.0 0.03 0.0373886
109628 1.0 0.96 0.037668
169836 0.0 0.03 0.0376983
164301 0.0 0.03 0.037821
162715 0.0 0.03 0.038048
149467 0.0 0.03 0.0380835
165006 0.0 0.03 0.0381823
172458 0.0 0.03 0.0389519
171349 0.0 0.03 0.0389549
165934 0.0 0.03 0.0390162
189918 0.0 0.03 0.0391297
142960 0.0 0.03 0.0392017
152692 0.0 0.03 0.0392842
195798 0.0 0.03 0.0392927
147095 0.0 0.03 0.0393002
169566 0.0 0.03 0.0393903
144023 1.0 0.96 0.039493
175207 0.0 0.03 0.0395347
176132 0.0 0.04 0.0400772
166077 0.0 0.04 0.0401381
182913 0.0 0.04 0.0401409
170432 0.0 0.04 0.0401647
186563 0.0 0.04 0.0403533
160574 0.0 0.04 0.0403609
192375 0.0 0.04 0.0411579
168805 0.0 0.04 0.0412291
126146 0.0 0.04 0.041247
196781 0.0 0.04 0.0412586
180253 0.0 0.04 0.0413768
160374 0.0 0.04 0.0414102
158941 0.0 0.04 0.0415492
157746 0.0 0.04 0.0416462
165684 0.0 0.04 0.041851
189562 0.0 0.04 0.0420838
170525 0.0 0.04 0.0420996
188766 0.0 0.04 0.0421002
141366 0.0 0.04 0.0423478
191484 0.0 0.04 0.0424119
142207 0.0 0.04 0.0424326
162559 0.0 0.04 0.0424555
162902 0.0 0.04 0.0424804
187334 0.0 0.04 0.0428194
149461 0.0 0.04 0.042874
168170 0.0 0.04 0.0429723
142962 0.0 0.04 0.0430747
183316 1.0 0.95 0.043139
152749 0.0 0.04 0.0431483
201317 0.0 0.04 0.0433857
169366 0.0 0.04 0.0437737
124946 0.0 0.04 0.0438259
183191 0.0 0.04 0.0438338
148815 0.0 0.04 0.0441192
157436 0.0 0.04 0.044356
155691 1.0 0.95 0.044484
198425 0.0 0.04 0.0449085
161011 0.0 0.04 0.0449681
124870 0.0 0.04 0.0451764
177680 0.0 0.04 0.0451794
159834 0.0 0.04 0.0453296
154515 0.0 0.04 0.045333
128732 1.0 0.95 0.045455
194050 0.0 0.04 0.0456873
196043 0.0 0.04 0.045752
199984 0.0 0.04 0.0461084
143061 0.0 0.04 0.0462247
160316 0.0 0.04 0.0464142
191596 0.0 0.04 0.0464762
154394 0.0 0.04 0.046861
196591 0.0 0.04 0.0471233
159561 0.0 0.04 0.0471418
142724 0.0 0.04 0.0472983
167462 0.0 0.04 0.0476494
193028 0.0 0.04 0.047778
150564 0.0 0.04 0.0478483
161247 0.0 0.04 0.0479569
147712 0.0 0.04 0.0480212
178302 0.0 0.04 0.0481007
165616 0.0 0.04 0.0482614
183261 0.0 0.04 0.048382
175526 0.0 0.04 0.0484299
160620 1.0 0.95 0.048613
152083 0.0 0.04 0.0487042
155739 0.0 0.04 0.0487678
158666 0.0 0.04 0.0489989
202680 0.0 0.04 0.0490694
142862 0.0 0.04 0.0493686
171355 0.0 0.04 0.0496524
199803 0.0 0.04 0.0498923
158913 0.0 0.04 0.0499937
198819 0.0 0.05 0.0501014
139933 0.0 0.05 0.0501178
177967 0.0 0.05 0.0504095
165443 0.0 0.05 0.050575
154047 0.0 0.05 0.0506216
143926 0.0 0.05 0.0507101
173137 0.0 0.05 0.05091
170521 0.0 0.05 0.0509653
189316 0.0 0.05 0.0509913
169420 0.0 0.05 0.0516043
160780 0.0 0.05 0.051787
194772 0.0 0.05 0.0520267
170297 0.0 0.05 0.0521819
170562 0.0 0.05 0.0522665
153452 0.0 0.05 0.0524831
141952 0.0 0.05 0.0526601
147635 0.0 0.05 0.0528014
171100 0.0 0.05 0.0529309
186945 0.0 0.05 0.0529859
190435 0.0 0.05 0.0530964
150693 0.0 0.05 0.0533936
185317 0.0 0.05 0.0533953
163661 0.0 0.05 0.0536412
161727 0.0 0.05 0.0536819
146804 0.0 0.05 0.0537837
172909 0.0 0.05 0.0539448
142042 0.0 0.05 0.0539864
160105 0.0 0.05 0.0540464
154851 0.0 0.05 0.0540825
165081 0.0 0.05 0.0542928
172920 0.0 0.05 0.0543955
167458 0.0 0.05 0.0547263
143424 0.0 0.05 0.0547628
123972 1.0 0.94 0.054864
194494 0.0 0.05 0.0550475
188709 0.0 0.05 0.0551817
112459 1.0 0.94 0.055493
172842 0.0 0.05 0.0557631
124605 0.0 0.05 0.0557951
198783 0.0 0.05 0.0558806
165050 0.0 0.05 0.0558853
146102 0.0 0.05 0.0560723
158657 1.0 0.94 0.056181
176386 0.0 0.05 0.0565995
198910 0.0 0.05 0.0566738
176274 0.0 0.05 0.0567706
186347 0.0 0.05 0.0567888
151661 0.0 0.05 0.056943
186709 0.0 0.05 0.0570191
155830 0.0 0.05 0.0570194
178003 0.0 0.05 0.0571231
179864 0.0 0.05 0.0571337
188633 0.0 0.05 0.0572878
173633 0.0 0.05 0.0574826
169970 0.0 0.05 0.0576385
147952 0.0 0.05 0.0576639
154719 0.0 0.05 0.0577461
198545 0.0 0.05 0.0578905
124663 0.0 0.05 0.0580049
189609 0.0 0.05 0.0580947
168761 0.0 0.05 0.0581842
179028 0.0 0.05 0.0582968
151269 0.0 0.05 0.0584186
165653 0.0 0.05 0.0584794
146165 0.0 0.05 0.0585256
194310 0.0 0.05 0.0585404
142735 0.0 0.05 0.0588364
142184 0.0 0.05 0.0588933
162752 0.0 0.05 0.058904
182953 0.0 0.05 0.0589145
201895 0.0 0.05 0.0589644
189363 0.0 0.05 0.059041
177377 0.0 0.05 0.0591544
163845 0.0 0.05 0.0591625
190428 0.0 0.05 0.0591806
150139 0.0 0.05 0.0592205
155400 0.0 0.05 0.0595785
200600 0.0 0.05 0.0597183
178651 0.0 0.05 0.0599519
167544 0.0 0.06 0.0600672
148710 0.0 0.06 0.060095
166382 0.0 0.06 0.0602018
177936 0.0 0.06 0.0602668
176412 0.0 0.06 0.06027
167984 0.0 0.06 0.0603109
178876 0.0 0.06 0.0605259
160792 0.0 0.06 0.0607025
109218 1.0 0.93 0.061166
201916 0.0 0.06 0.0612403
184570 0.0 0.06 0.0613946
155622 0.0 0.06 0.0615519
188427 0.0 0.06 0.0619003
201696 0.0 0.06 0.0621998
175533 0.0 0.06 0.0622561
172058 0.0 0.06 0.0624381
148988 0.0 0.06 0.0628434
160409 0.0 0.06 0.0629399
165429 0.0 0.06 0.0634779
174004 0.0 0.06 0.0635049
144802 0.0 0.06 0.0635273
199068 0.0 0.06 0.0636084
184549 0.0 0.06 0.0640307
145789 0.0 0.06 0.0641161
192585 0.0 0.06 0.064129
141136 0.0 0.06 0.0647037
154964 0.0 0.06 0.0649237
174049 0.0 0.06 0.065325
149089 0.0 0.06 0.0656188
162253 0.0 0.06 0.0656255
185569 0.0 0.06 0.0656342
93393 1.0 0.93 0.06568
154372 0.0 0.06 0.0658111
168340 0.0 0.06 0.0661155
182921 0.0 0.06 0.0663487
163357 0.0 0.06 0.0665437
160020 0.0 0.06 0.0665616
158539 0.0 0.06 0.0666335
154798 0.0 0.06 0.0667178
184520 0.0 0.06 0.0667456
152864 0.0 0.06 0.066746
147655 0.0 0.06 0.0668891
170184 0.0 0.06 0.0669742
190675 0.0 0.06 0.0673105
172703 0.0 0.06 0.0675523
79047 1.0 0.93 0.067667
198282 0.0 0.06 0.0677427
188019 0.0 0.06 0.0679498
194547 0.0 0.06 0.0683061
202109 0.0 0.06 0.0683414
165769 0.0 0.06 0.0684595
148910 0.0 0.06 0.0686874
144745 0.0 0.06 0.0686881
142886 0.0 0.06 0.0687852
178993 0.0 0.06 0.0690993
154341 0.0 0.06 0.0691109
107057 0.0 0.06 0.0694969
201315 0.0 0.06 0.0695491
154625 0.0 0.06 0.069661
181678 0.0 0.06 0.0697594
143670 0.0 0.06 0.0698065
186909 0.0 0.07 0.0700011
185175 0.0 0.07 0.0701828
185210 0.0 0.07 0.0704088
191261 0.0 0.07 0.0704151
161252 0.0 0.07 0.0705049
143780 0.0 0.07 0.0706861
165053 0.0 0.07 0.0706989
158568 0.0 0.07 0.0710917
186361 0.0 0.07 0.0712627
179323 0.0 0.07 0.0715051
183913 0.0 0.07 0.0716359
144538 0.0 0.07 0.0719033
176473 0.0 0.07 0.0719338
178893 0.0 0.07 0.0719875
198223 0.0 0.07 0.0721783
150265 0.0 0.07 0.0722032
170820 0.0 0.07 0.0722767
188912 0.0 0.07 0.0723649
187425 0.0 0.07 0.0725681
176725 0.0 0.07 0.0726856
153279 0.0 0.07 0.0727453
161576 0.0 0.07 0.0730998
164516 0.0 0.07 0.0736218
144499 0.0 0.07 0.0736759
188828 0.0 0.07 0.0739918
161758 0.0 0.07 0.0740947
154621 0.0 0.07 0.074128
178962 0.0 0.07 0.0746656
178216 0.0 0.07 0.0748331
141134 0.0 0.07 0.0749605
186449 0.0 0.07 0.0750378
186232 0.0 0.07 0.0750704
114715 1.0 0.92 0.075359
198608 0.0 0.07 0.0759339
153877 0.0 0.07 0.0759897
150749 0.0 0.07 0.0760344
174954 0.0 0.07 0.0761069
191433 0.0 0.07 0.0763884
178639 0.0 0.07 0.0765428
169418 0.0 0.07 0.0766865
162991 0.0 0.07 0.0767397
164136 0.0 0.07 0.0767534
173425 0.0 0.07 0.0769525
149318 0.0 0.07 0.0771067
127165 0.0 0.07 0.0772734
160315 0.0 0.07 0.0773545
110826 0.0 0.07 0.0775415
190582 0.0 0.07 0.0775506
171472 0.0 0.07 0.0775665
95083 1.0 0.92 0.077592
162958 0.0 0.07 0.0776487
162443 0.0 0.07 0.0778193
190643 0.0 0.07 0.078012
203345 0.0 0.07 0.0780677
149733 0.0 0.07 0.078116
178383 0.0 0.07 0.0782378
196469 0.0 0.07 0.0784592
164363 0.0 0.07 0.0787339
142031 0.0 0.07 0.0790291
185474 0.0 0.07 0.0792333
154179 0.0 0.07 0.0792871
172276 0.0 0.07 0.0794331
145597 0.0 0.07 0.0795808
188516 0.0 0.07 0.0796016
160619 1.0 0.92 0.079729
147240 0.0 0.07 0.0798783
159296 1.0 0.92 0.079895
155076 0.0 0.07 0.0799397
176433 0.0 0.08 0.0800848
198820 0.0 0.08 0.0800941
171682 0.0 0.08 0.0802089
192015 0.0 0.08 0.0803021
185288 0.0 0.08 0.0803934
198262 0.0 0.08 0.0806333
175527 0.0 0.08 0.0808779
194849 0.0 0.08 0.0808902
156054 0.0 0.08 0.0809797
195503 0.0 0.08 0.0810861
120379 0.0 0.08 0.0812277
155360 0.0 0.08 0.081303
197832 0.0 0.08 0.0814504
152230 0.0 0.08 0.0814937
151656 0.0 0.08 0.0820111
177112 0.0 0.08 0.0820771
188436 0.0 0.08 0.0822305
144797 0.0 0.08 0.082443
160594 0.0 0.08 0.0825146
202003 0.0 0.08 0.0825589
157176 0.0 0.08 0.082742
191856 0.0 0.08 0.0828468
154835 0.0 0.08 0.0830487
183270 0.0 0.08 0.0832721
158546 0.0 0.08 0.0833644
141225 0.0 0.08 0.0836683
160266 0.0 0.08 0.0838697
140967 0.0 0.08 0.0839118
192371 0.0 0.08 0.0839348
144639 0.0 0.08 0.084111
180772 0.0 0.08 0.0843898
183670 0.0 0.08 0.0843924
107994 0.0 0.08 0.0844541
179030 0.0 0.08 0.0844778
148596 0.0 0.08 0.0844979
184479 0.0 0.08 0.0845128
171136 0.0 0.08 0.0846444
180701 0.0 0.08 0.0851538
176729 0.0 0.08 0.0851692
152085 0.0 0.08 0.0851767
108228 1.0 0.91 0.085343
198846 0.0 0.08 0.0854733
168005 0.0 0.08 0.0854897
175550 0.0 0.08 0.0855414
167883 0.0 0.08 0.0857598
148719 1.0 0.91 0.085773
153173 0.0 0.08 0.0860867
196780 0.0 0.08 0.0861702
173037 1.0 0.91 0.086431
189474 0.0 0.08 0.0865036
139153 0.0 0.08 0.0865483
171617 0.0 0.08 0.0869167
192428 0.0 0.08 0.0869968
152608 0.0 0.08 0.0870592
148911 0.0 0.08 0.0870935
195148 0.0 0.08 0.0872292
183510 0.0 0.08 0.0872833
188902 0.0 0.08 0.0874592
177981 0.0 0.08 0.0874792
156557 0.0 0.08 0.0875418
197412 0.0 0.08 0.0875489
158386 0.0 0.08 0.0876354
153591 1.0 0.91 0.087714
169834 0.0 0.08 0.0878003
201917 0.0 0.08 0.0880168
188478 0.0 0.08 0.0882848
171095 0.0 0.08 0.0883227
108227 1.0 0.91 0.088395
141147 0.0 0.08 0.0884917
134351 1.0 0.91 0.088496
178400 0.0 0.08 0.0887515
162569 0.0 0.08 0.0891187
198025 0.0 0.08 0.0891905
158036 0.0 0.08 0.0892281
151212 0.0 0.08 0.0892329
151005 0.0 0.08 0.0893244
143244 0.0 0.08 0.089336
178419 0.0 0.08 0.0894389
153497 0.0 0.08 0.0895744
183518 0.0 0.08 0.0896619
155518 0.0 0.08 0.089671
162419 0.0 0.08 0.0897504
194441 0.0 0.08 0.0898032
186420 0.0 0.08 0.0899193
190866 0.0 0.08 0.0899592
156914 0.0 0.08 0.089978
118590 0.0 0.09 0.0900092
148939 0.0 0.09 0.0904326
174745 0.0 0.09 0.0904414
159903 0.0 0.09 0.090585
181532 0.0 0.09 0.0906557
160708 0.0 0.09 0.090735
183562 0.0 0.09 0.0907747
159544 0.0 0.09 0.0908585
167816 0.0 0.09 0.0910348
178360 0.0 0.09 0.0912217
177808 0.0 0.09 0.0912329
157767 0.0 0.09 0.091236
197164 0.0 0.09 0.0916068
171618 0.0 0.09 0.0917056
164152 0.0 0.09 0.0917162
147713 0.0 0.09 0.0917209
191473 0.0 0.09 0.0917642
160629 1.0 0.90 0.092123
159036 0.0 0.09 0.092295
184716 0.0 0.09 0.0925701
162151 0.0 0.09 0.0927097
158348 0.0 0.09 0.0927322
193042 0.0 0.09 0.0928653
127119 0.0 0.09 0.0930329
187304 0.0 0.09 0.0930814
103740 0.0 0.09 0.0932641
148434 0.0 0.09 0.0933286
179321 0.0 0.09 0.0934077
105270 0.0 0.09 0.0935052
187353 0.0 0.09 0.0935992
174999 0.0 0.09 0.0939011
187859 0.0 0.09 0.0940275
174233 0.0 0.09 0.0943581
166189 0.0 0.09 0.0945976
160691 0.0 0.09 0.0946003
178461 0.0 0.09 0.0946502
195351 0.0 0.09 0.0946721
158166 0.0 0.09 0.0947197
142131 0.0 0.09 0.095011
139827 0.0 0.09 0.095049
191108 0.0 0.09 0.095503
192370 0.0 0.09 0.0955766
164406 0.0 0.09 0.0955809
191781 0.0 0.09 0.0957297
141407 1.0 0.90 0.095962
146252 0.0 0.09 0.0960105
145881 0.0 0.09 0.0962101
161032 0.0 0.09 0.0963767
170773 0.0 0.09 0.0966783
176344 0.0 0.09 0.0968965
153420 0.0 0.09 0.0969198
188635 1.0 0.90 0.09702
158391 0.0 0.09 0.0971592
141262 0.0 0.09 0.0971717
149816 0.0 0.09 0.0972978
141610 0.0 0.09 0.0973765
203421 0.0 0.09 0.097385
152774 0.0 0.09 0.0976975
196191 0.0 0.09 0.0977175
157182 0.0 0.09 0.0977265
153981 0.0 0.09 0.097802
197041 0.0 0.09 0.0980832
168778 0.0 0.09 0.0982275
165019 0.0 0.09 0.0983009
191768 0.0 0.09 0.0984142
166448 0.0 0.09 0.0985859
162212 0.0 0.09 0.0986032
160203 0.0 0.09 0.0986244
139979 0.0 0.09 0.0989265
157058 0.0 0.09 0.0989381
174200 0.0 0.09 0.0990129
174059 0.0 0.09 0.0990779
175519 0.0 0.09 0.0993111
155017 0.0 0.09 0.0993595
156255 0.0 0.09 0.0993878
171555 0.0 0.09 0.0994368
161837 0.0 0.09 0.0995166
141448 0.0 0.09 0.0996563
175042 0.0 0.09 0.0996772
172121 0.0 0.09 0.0996805
155480 0.0 0.09 0.0997272
159490 0.0 0.09 0.0997589
140786 0.0 0.09 0.0997845
153769 0.0 0.09 0.0998209
195299 0.0 0.09 0.0998403
186507 0.0 0.09 0.0999815
162923 0.0 0.09 0.0999904
177965 0.0 0.10 0.100152
188483 0.0 0.10 0.100283
189904 0.0 0.10 0.100284
185559 0.0 0.10 0.100564
177934 0.0 0.10 0.100594
152384 0.0 0.10 0.100695
191616 0.0 0.10 0.100751
167025 0.0 0.10 0.100836
153096 0.0 0.10 0.100919
160042 0.0 0.10 0.100928
158249 0.0 0.10 0.101166
169211 0.0 0.10 0.10122
189521 1.0 0.89 0.101283
199823 0.0 0.10 0.101418
153833 0.0 0.10 0.101947
105597 1.0 0.89 0.102075
174056 0.0 0.10 0.102092
165559 0.0 0.10 0.102181
188652 0.0 0.10 0.102219
140542 0.0 0.10 0.10223
131051 0.0 0.10 0.102418
172647 0.0 0.10 0.102459
179209 0.0 0.10 0.102635
164094 0.0 0.10 0.102635
174171 0.0 0.10 0.102802
152148 0.0 0.10 0.102911
140476 0.0 0.10 0.103653
197872 0.0 0.10 0.103655
160131 0.0 0.10 0.103685
140959 0.0 0.10 0.103708
138606 1.0 0.89 0.103975
153903 0.0 0.10 0.104102
161713 0.0 0.10 0.104224
182736 0.0 0.10 0.104248
172123 0.0 0.10 0.104334
146922 0.0 0.10 0.10438
195562 0.0 0.10 0.10438
178825 0.0 0.10 0.104465
159424 0.0 0.10 0.104681
182381 0.0 0.10 0.104918
139900 0.0 0.10 0.105016
107951 0.0 0.10 0.105541
183529 0.0 0.10 0.105586
149860 0.0 0.10 0.105643
159511 0.0 0.10 0.1057
159732 0.0 0.10 0.105707
170560 0.0 0.10 0.105761
183596 0.0 0.10 0.10591
200326 0.0 0.10 0.106034
195069 0.0 0.10 0.106723
153117 0.0 0.10 0.106799
155392 0.0 0.10 0.106857
169440 0.0 0.10 0.107085
146760 0.0 0.10 0.107101
142719 0.0 0.10 0.107322
152029 0.0 0.10 0.107533
110757 0.0 0.10 0.10754
155343 0.0 0.10 0.107797
173922 0.0 0.10 0.107863
184517 0.0 0.10 0.107876
159631 0.0 0.10 0.108103
165659 0.0 0.10 0.108289
140660 0.0 0.10 0.10834
178660 0.0 0.10 0.108486
171977 0.0 0.10 0.10869
156275 0.0 0.10 0.108697
203403 0.0 0.10 0.108992
112109 1.0 0.89 0.109028
168769 0.0 0.10 0.109102
149595 0.0 0.10 0.109207
150047 0.0 0.10 0.109222
193492 0.0 0.10 0.1093
181802 0.0 0.10 0.10971
139714 0.0 0.11 0.11017
196380 0.0 0.11 0.110574
134897 1.0 0.88 0.110659
155366 0.0 0.11 0.110685
142094 0.0 0.11 0.11077
191460 0.0 0.11 0.111169
149465 0.0 0.11 0.111307
151006 0.0 0.11 0.11136
169014 0.0 0.11 0.111437
144235 0.0 0.11 0.111851
160125 0.0 0.11 0.112093
167341 0.0 0.11 0.112108
193111 0.0 0.11 0.112134
91811 0.0 0.11 0.112373
155418 0.0 0.11 0.112565
160693 0.0 0.11 0.113568
166442 0.0 0.11 0.113842
172173 0.0 0.11 0.114106
185966 0.0 0.11 0.114122
196320 0.0 0.11 0.114704
144411 0.0 0.11 0.114744
185400 0.0 0.11 0.114869
158331 0.0 0.11 0.114961
158237 0.0 0.11 0.115129
171598 0.0 0.11 0.115448
171933 0.0 0.11 0.115526
193462 0.0 0.11 0.115604
170304 0.0 0.11 0.115894
150786 0.0 0.11 0.1159
194126 0.0 0.11 0.115962
158290 0.0 0.11 0.116186
201069 0.0 0.11 0.116263
185304 0.0 0.11 0.116301
185988 0.0 0.11 0.116373
166767 0.0 0.11 0.116412
182653 0.0 0.11 0.116555
124630 0.0 0.11 0.116567
143053 0.0 0.11 0.116674
189278 0.0 0.11 0.117034
173259 0.0 0.11 0.117049
155147 0.0 0.11 0.117477
196487 0.0 0.11 0.117933
184420 0.0 0.11 0.118139
201345 0.0 0.11 0.118205
125535 0.0 0.11 0.118347
178408 0.0 0.11 0.118548
196771 0.0 0.11 0.11865
197802 0.0 0.11 0.119478
151092 0.0 0.11 0.119744
192086 0.0 0.11 0.119903
165656 0.0 0.11 0.119936
151595 0.0 0.11 0.119959
191690 0.0 0.12 0.120612
194349 0.0 0.12 0.120919
188506 0.0 0.12 0.121593
162194 0.0 0.12 0.121648
135516 0.0 0.12 0.12176
182851 0.0 0.12 0.121842
168238 0.0 0.12 0.121845
164257 0.0 0.12 0.121989
182730 0.0 0.12 0.122405
203288 0.0 0.12 0.12244
178622 0.0 0.12 0.122442
156245 0.0 0.12 0.122618
201096 0.0 0.12 0.122883
155007 0.0 0.12 0.123003
172828 0.0 0.12 0.123018
189250 0.0 0.12 0.123127
158174 0.0 0.12 0.123137
193490 0.0 0.12 0.123252
143234 0.0 0.12 0.123391
105278 0.0 0.12 0.123556
165564 0.0 0.12 0.123754
142594 1.0 0.87 0.123908
121283 0.0 0.12 0.123946
168516 0.0 0.12 0.124184
172839 0.0 0.12 0.124305
158791 0.0 0.12 0.124316
156796 0.0 0.12 0.12433
168161 0.0 0.12 0.124492
182906 0.0 0.12 0.124531
150692 0.0 0.12 0.124603
197868 0.0 0.12 0.124684
172327 0.0 0.12 0.124729
130769 0.0 0.12 0.124875
145797 0.0 0.12 0.124907
162996 0.0 0.12 0.125023
141581 0.0 0.12 0.125036
145721 0.0 0.12 0.12508
119577 0.0 0.12 0.125227
192120 0.0 0.12 0.125258
181659 0.0 0.12 0.125345
198488 1.0 0.87 0.125444
189331 0.0 0.12 0.125451
148399 0.0 0.12 0.125468
105420 0.0 0.12 0.125542
139411 0.0 0.12 0.125548
165270 0.0 0.12 0.125732
158814 0.0 0.12 0.125759
191907 0.0 0.12 0.126084
170105 0.0 0.12 0.126636
172198 0.0 0.12 0.126787
146845 0.0 0.12 0.126913
162152 0.0 0.12 0.126925
160803 0.0 0.12 0.126938
124153 0.0 0.12 0.126972
141428 1.0 0.87 0.127165
128304 0.0 0.12 0.127298
191884 0.0 0.12 0.1273
148665 0.0 0.12 0.127356
152499 0.0 0.12 0.127452
168359 0.0 0.12 0.127652
155074 0.0 0.12 0.127671
188182 0.0 0.12 0.127902
173484 0.0 0.12 0.127914
127279 1.0 0.87 0.128136
161760 0.0 0.12 0.128213
184543 0.0 0.12 0.128275
160627 1.0 0.87 0.128326
192044 0.0 0.12 0.128568
179989 0.0 0.12 0.128654
180301 0.0 0.12 0.129021
177398 0.0 0.12 0.129245
123830 0.0 0.12 0.129537
173186 0.0 0.12 0.129773
148517 0.0 0.12 0.129937
171599 0.0 0.13 0.130301
124778 0.0 0.13 0.130375
147117 0.0 0.13 0.130396
195573 0.0 0.13 0.130486
179132 0.0 0.13 0.130759
118105 1.0 0.86 0.130855
105230 0.0 0.13 0.130986
150198 0.0 0.13 0.131038
163732 0.0 0.13 0.131064
131424 0.0 0.13 0.131107
159590 0.0 0.13 0.131231
105296 0.0 0.13 0.131234
165447 0.0 0.13 0.131296
144367 0.0 0.13 0.131342
169615 0.0 0.13 0.131491
183773 0.0 0.13 0.131678
149714 0.0 0.13 0.131854
161604 0.0 0.13 0.131968
192279 0.0 0.13 0.132015
181768 0.0 0.13 0.132284
184521 0.0 0.13 0.132639
181301 0.0 0.13 0.132758
105182 0.0 0.13 0.132865
142556 0.0 0.13 0.132928
195330 0.0 0.13 0.132933
181695 0.0 0.13 0.133103
166006 0.0 0.13 0.133163
173691 0.0 0.13 0.133294
140006 0.0 0.13 0.1334
151575 0.0 0.13 0.133904
203414 0.0 0.13 0.134594
114724 1.0 0.86 0.134594
169359 0.0 0.13 0.134931
171450 0.0 0.13 0.135125
155046 0.0 0.13 0.135189
199692 0.0 0.13 0.13523
169556 0.0 0.13 0.135283
144306 0.0 0.13 0.135437
123395 0.0 0.13 0.135528
167441 0.0 0.13 0.135551
168865 0.0 0.13 0.135967
164993 0.0 0.13 0.135999
155893 0.0 0.13 0.136357
172299 0.0 0.13 0.136561
154933 0.0 0.13 0.136646
181546 0.0 0.13 0.136668
201994 0.0 0.13 0.136713
200445 0.0 0.13 0.137004
191772 0.0 0.13 0.137442
126483 0.0 0.13 0.13763
177104 0.0 0.13 0.137671
166017 0.0 0.13 0.137724
130820 0.0 0.13 0.137743
156336 0.0 0.13 0.137917
201929 0.0 0.13 0.138425
144020 1.0 0.86 0.138632
183098 0.0 0.13 0.138706
137312 0.0 0.13 0.138853
179736 0.0 0.13 0.138961
116977 0.0 0.13 0.138979
185069 0.0 0.13 0.138994
181404 0.0 0.13 0.13912
194173 0.0 0.13 0.139233
150281 0.0 0.13 0.139469
191122 0.0 0.13 0.139817
160108 0.0 0.14 0.14014
139435 0.0 0.14 0.140263
166635 0.0 0.14 0.140494
152377 0.0 0.14 0.140613
194072 0.0 0.14 0.140732
189955 0.0 0.14 0.140969
201920 0.0 0.14 0.141615
157338 0.0 0.14 0.141638
183920 0.0 0.14 0.141769
137634 0.0 0.14 0.142109
183635 0.0 0.14 0.142457
191790 0.0 0.14 0.142542
159560 0.0 0.14 0.142935
191509 0.0 0.14 0.14296
191791 0.0 0.14 0.143232
199831 0.0 0.14 0.143467
148598 0.0 0.14 0.14349
185181 0.0 0.14 0.143602
140811 0.0 0.14 0.143651
194585 0.0 0.14 0.143681
196489 0.0 0.14 0.143729
164872 0.0 0.14 0.143735
151603 0.0 0.14 0.143893
156972 0.0 0.14 0.143984
172981 0.0 0.14 0.143994
182044 0.0 0.14 0.144328
112159 1.0 0.85 0.144536
149523 0.0 0.14 0.144781
172334 0.0 0.14 0.145409
193048 0.0 0.14 0.145447
185520 0.0 0.14 0.145746
170955 0.0 0.14 0.146095
190063 0.0 0.14 0.146253
165105 0.0 0.14 0.146298
134607 0.0 0.14 0.146309
157156 0.0 0.14 0.146503
168368 1.0 0.85 0.146609
157256 0.0 0.14 0.146791
150567 0.0 0.14 0.146876
173834 0.0 0.14 0.146912
190864 0.0 0.14 0.147053
172207 0.0 0.14 0.14732
196389 0.0 0.14 0.147484
189416 0.0 0.14 0.147514
143291 0.0 0.14 0.147568
104454 0.0 0.14 0.147946
163976 0.0 0.14 0.148159
184456 0.0 0.14 0.148315
108545 1.0 0.85 0.148414
163831 0.0 0.14 0.148498
167367 0.0 0.14 0.148552
170295 0.0 0.14 0.148743
139241 0.0 0.14 0.14909
184432 0.0 0.14 0.14936
180632 0.0 0.14 0.149361
156102 0.0 0.14 0.149609
155825 0.0 0.14 0.149888
147596 0.0 0.15 0.150072
186248 0.0 0.15 0.150196
164130 0.0 0.15 0.150392
198102 0.0 0.15 0.150422
131435 0.0 0.15 0.150707
183009 0.0 0.15 0.150884
166081 0.0 0.15 0.151303
186469 0.0 0.15 0.151543
179829 0.0 0.15 0.151586
144661 0.0 0.15 0.151696
167376 0.0 0.15 0.151738
186189 0.0 0.15 0.152021
156061 0.0 0.15 0.152059
143457 0.0 0.15 0.152288
174858 0.0 0.15 0.152361
181104 0.0 0.15 0.152445
183668 0.0 0.15 0.15255
159569 0.0 0.15 0.152624
129902 0.0 0.15 0.15296
165706 0.0 0.15 0.153021
171104 0.0 0.15 0.15309
188850 1.0 0.84 0.153124
188762 0.0 0.15 0.15317
157983 0.0 0.15 0.153225
151442 0.0 0.15 0.153505
182743 0.0 0.15 0.153819
115828 1.0 0.84 0.154094
191927 0.0 0.15 0.154145
108562 1.0 0.84 0.154534
150127 0.0 0.15 0.154563
177619 0.0 0.15 0.154591
196655 0.0 0.15 0.15479
176374 0.0 0.15 0.154835
174107 0.0 0.15 0.154974
187623 0.0 0.15 0.155356
160425 0.0 0.15 0.155376
191488 0.0 0.15 0.155426
192278 0.0 0.15 0.155564
199792 0.0 0.15 0.15592
193521 0.0 0.15 0.156295
185504 0.0 0.15 0.156398
195027 0.0 0.15 0.156679
195258 0.0 0.15 0.156824
174338 0.0 0.15 0.157401
130770 0.0 0.15 0.157458
125294 0.0 0.15 0.157578
180629 0.0 0.15 0.157903
187993 0.0 0.15 0.158083
181093 0.0 0.15 0.158428
132038 0.0 0.15 0.15843
160264 0.0 0.15 0.15849
166731 0.0 0.15 0.158643
154513 0.0 0.15 0.15891
145745 0.0 0.15 0.15895
148488 0.0 0.15 0.159029
191439 0.0 0.15 0.159169
198640 1.0 0.84 0.159259
201845 0.0 0.15 0.15954
183581 0.0 0.15 0.159984
146560 0.0 0.16 0.160996
166493 0.0 0.16 0.161064
146852 0.0 0.16 0.161443
148507 0.0 0.16 0.161587
195998 0.0 0.16 0.161667
171364 0.0 0.16 0.161793
173543 0.0 0.16 0.161873
197954 0.0 0.16 0.162119
198786 0.0 0.16 0.162245
162578 0.0 0.16 0.16235
145882 0.0 0.16 0.162454
141085 0.0 0.16 0.162722
198098 0.0 0.16 0.162798
121530 1.0 0.83 0.162947
191253 0.0 0.16 0.162999
190666 0.0 0.16 0.16312
155062 0.0 0.16 0.163162
198449 0.0 0.16 0.163289
197332 1.0 0.83 0.163823
156666 1.0 0.83 0.164155
155375 0.0 0.16 0.16433
188354 0.0 0.16 0.164342
103860 0.0 0.16 0.164488
140308 0.0 0.16 0.164503
196364 0.0 0.16 0.165691
148876 0.0 0.16 0.165881
189573 0.0 0.16 0.165912
120899 1.0 0.83 0.165943
149497 0.0 0.16 0.166009
153026 0.0 0.16 0.166173
153236 0.0 0.16 0.166188
177882 0.0 0.16 0.166365
168138 0.0 0.16 0.166387
176400 0.0 0.16 0.167207
170698 0.0 0.16 0.16723
164530 0.0 0.16 0.167298
151784 0.0 0.16 0.167329
143838 0.0 0.16 0.167336
186336 0.0 0.16 0.16736
168384 0.0 0.16 0.167418
137195 0.0 0.16 0.167497
198558 0.0 0.16 0.167506
182311 0.0 0.16 0.167521
172056 0.0 0.16 0.167536
140236 0.0 0.16 0.167794
199199 0.0 0.16 0.168083
181476 0.0 0.16 0.16823
186310 0.0 0.16 0.168511
170096 0.0 0.16 0.168857
147623 0.0 0.16 0.168909
123651 1.0 0.83 0.168968
167433 0.0 0.16 0.169031
202279 0.0 0.16 0.16942
142765 0.0 0.16 0.169726
134872 0.0 0.16 0.169765
193513 0.0 0.16 0.169845
177955 0.0 0.16 0.169869
176856 0.0 0.17 0.170289
144167 0.0 0.17 0.170762
144419 0.0 0.17 0.170878
189592 0.0 0.17 0.170967
150839 0.0 0.17 0.170999
158053 0.0 0.17 0.171218
168893 0.0 0.17 0.171478
166366 0.0 0.17 0.17167
153278 0.0 0.17 0.171675
137315 0.0 0.17 0.172073
185538 0.0 0.17 0.172082
196249 0.0 0.17 0.172087
201335 0.0 0.17 0.172182
183757 0.0 0.17 0.172698
181981 0.0 0.17 0.173166
148991 0.0 0.17 0.173231
115818 1.0 0.82 0.173255
188758 0.0 0.17 0.173311
175630 0.0 0.17 0.173428
148623 0.0 0.17 0.173664
197126 0.0 0.17 0.174139
196195 0.0 0.17 0.174212
163360 0.0 0.17 0.174234
185553 0.0 0.17 0.174325
145595 0.0 0.17 0.174592
182387 0.0 0.17 0.174608
172377 0.0 0.17 0.174621
203387 0.0 0.17 0.174663
202518 0.0 0.17 0.174858
163622 0.0 0.17 0.174988
140695 0.0 0.17 0.175746
182650 0.0 0.17 0.175762
198387 0.0 0.17 0.176363
169899 0.0 0.17 0.176408
199343 0.0 0.17 0.176542
148028 0.0 0.17 0.176581
198195 0.0 0.17 0.176644
118382 0.0 0.17 0.176813
164940 0.0 0.17 0.176978
197227 1.0 0.82 0.177081
133385 0.0 0.17 0.177203
165280 0.0 0.17 0.17746
194071 0.0 0.17 0.177494
143626 1.0 0.82 0.177663
202060 0.0 0.17 0.177739
193600 0.0 0.17 0.178305
189958 0.0 0.17 0.178561
191877 0.0 0.17 0.178642
155047 0.0 0.17 0.178743
168330 0.0 0.17 0.178818
155727 0.0 0.17 0.178846
181453 0.0 0.17 0.179025
197577 0.0 0.18 0.180014
181980 0.0 0.18 0.18022
146815 0.0 0.18 0.180412
158380 0.0 0.18 0.180417
167917 0.0 0.18 0.180466
186267 0.0 0.18 0.180484
161759 0.0 0.18 0.18064
165614 0.0 0.18 0.180676
198106 0.0 0.18 0.180825
172277 0.0 0.18 0.180968
147574 0.0 0.18 0.181121
133515 1.0 0.81 0.181136
197193 0.0 0.18 0.181197
195161 0.0 0.18 0.181361
168626 0.0 0.18 0.181377
151099 0.0 0.18 0.181564
152284 1.0 0.81 0.181604
149128 0.0 0.18 0.181736
195337 0.0 0.18 0.182128
188431 0.0 0.18 0.182749
175061 0.0 0.18 0.182872
141420 0.0 0.18 0.18321
177510 0.0 0.18 0.18334
182911 1.0 0.81 0.18338
151034 0.0 0.18 0.183417
193275 0.0 0.18 0.183578
175369 0.0 0.18 0.183691
162995 0.0 0.18 0.183795
154915 1.0 0.81 0.183891
187479 0.0 0.18 0.184167
136899 1.0 0.81 0.184931
183741 0.0 0.18 0.185004
198571 0.0 0.18 0.185034
142142 0.0 0.18 0.185345
126360 1.0 0.81 0.185655
195518 0.0 0.18 0.185807
135444 0.0 0.18 0.185858
183117 0.0 0.18 0.185993
164141 0.0 0.18 0.186677
169869 0.0 0.18 0.186751
132421 0.0 0.18 0.186814
192396 0.0 0.18 0.18684
164110 0.0 0.18 0.18688
142552 0.0 0.18 0.187248
172395 0.0 0.18 0.18729
170780 0.0 0.18 0.187378
161055 0.0 0.18 0.187412
159576 0.0 0.18 0.187824
116857 0.0 0.18 0.188779
140343 0.0 0.18 0.189305
164346 0.0 0.18 0.189491
179340 0.0 0.18 0.189818
155314 0.0 0.18 0.189868
155589 0.0 0.18 0.189881
184604 0.0 0.18 0.189919
161586 0.0 0.18 0.189925
194850 0.0 0.19 0.190439
107059 0.0 0.19 0.190467
178313 0.0 0.19 0.191189
156764 1.0 0.80 0.19135
188502 0.0 0.19 0.191375
182193 0.0 0.19 0.191398
191257 0.0 0.19 0.191507
157346 0.0 0.19 0.191712
187052 0.0 0.19 0.191807
138029 1.0 0.80 0.191825
196316 0.0 0.19 0.19203
143813 0.0 0.19 0.19204
129919 0.0 0.19 0.192218
199849 0.0 0.19 0.192437
184542 0.0 0.19 0.192893
150978 1.0 0.80 0.192921
171404 0.0 0.19 0.192945
132027 0.0 0.19 0.193
140882 0.0 0.19 0.193126
198094 0.0 0.19 0.193224
111143 1.0 0.80 0.193371
159710 0.0 0.19 0.193465
172491 0.0 0.19 0.194745
143038 0.0 0.19 0.194766
183093 0.0 0.19 0.194817
177565 0.0 0.19 0.195139
194595 0.0 0.19 0.195258
190044 0.0 0.19 0.195323
171590 0.0 0.19 0.195402
167527 0.0 0.19 0.195527
167368 0.0 0.19 0.195892
179232 0.0 0.19 0.196097
183215 0.0 0.19 0.196489
185603 0.0 0.19 0.196546
130522 0.0 0.19 0.19666
158725 0.0 0.19 0.196735
165771 0.0 0.19 0.197397
197550 0.0 0.19 0.197455
182710 0.0 0.19 0.197746
173572 0.0 0.19 0.197902
140964 0.0 0.19 0.198368
155821 0.0 0.19 0.198963
197727 0.0 0.19 0.199086
166090 0.0 0.19 0.199151
174958 0.0 0.19 0.199483
127403 0.0 0.19 0.199542
197513 0.0 0.19 0.199593
187267 0.0 0.19 0.199804
118036 0.0 0.20 0.200066
152588 0.0 0.20 0.200212
125401 0.0 0.20 0.200436
153238 0.0 0.20 0.201069
147789 0.0 0.20 0.20148
167762 0.0 0.20 0.201987
180223 0.0 0.20 0.202021
158426 0.0 0.20 0.202544
165076 0.0 0.20 0.202769
135471 0.0 0.20 0.202808
188312 0.0 0.20 0.20297
184060 0.0 0.20 0.203208
171844 0.0 0.20 0.20346
164874 0.0 0.20 0.203596
144506 0.0 0.20 0.203697
129255 0.0 0.20 0.203847
143196 0.0 0.20 0.203891
175308 0.0 0.20 0.203932
144011 0.0 0.20 0.204001
134177 0.0 0.20 0.204151
160301 0.0 0.20 0.204473
194845 0.0 0.20 0.204493
138926 0.0 0.20 0.204522
199245 0.0 0.20 0.204703
108555 1.0 0.79 0.204846
149555 0.0 0.20 0.204923
147260 0.0 0.20 0.204983
103923 0.0 0.20 0.204985
168747 0.0 0.20 0.205362
181168 0.0 0.20 0.205368
149013 0.0 0.20 0.205464
127022 0.0 0.20 0.20551
203295 1.0 0.79 0.206125
152497 0.0 0.20 0.206363
155180 0.0 0.20 0.206366
156988 1.0 0.79 0.20637
128329 0.0 0.20 0.20654
105043 0.0 0.20 0.206769
182840 0.0 0.20 0.206851
149137 0.0 0.20 0.207126
194467 0.0 0.20 0.207269
157272 0.0 0.20 0.207417
158907 0.0 0.20 0.207578
174869 0.0 0.20 0.207833
172854 0.0 0.20 0.208469
148295 0.0 0.20 0.20854
169749 0.0 0.20 0.209049
190996 0.0 0.20 0.209951
198081 0.0 0.21 0.210185
130015 1.0 0.78 0.210261
114666 0.0 0.21 0.210289
200358 0.0 0.21 0.210415
141030 1.0 0.78 0.210603
164126 0.0 0.21 0.210638
121803 0.0 0.21 0.21069
165882 0.0 0.21 0.21071
170553 0.0 0.21 0.210848
152611 0.0 0.21 0.211139
141452 0.0 0.21 0.211838
173309 0.0 0.21 0.212012
151392 0.0 0.21 0.212075
157111 0.0 0.21 0.212954
180986 0.0 0.21 0.213141
183027 0.0 0.21 0.213326
161446 0.0 0.21 0.213529
170122 0.0 0.21 0.213686
129844 1.0 0.78 0.213935
162382 0.0 0.21 0.213956
109619 1.0 0.78 0.213956
132657 1.0 0.78 0.214013
184769 0.0 0.21 0.214118
189409 0.0 0.21 0.214152
173165 0.0 0.21 0.214296
173263 0.0 0.21 0.214339
133646 0.0 0.21 0.2147
134087 1.0 0.78 0.215392
137770 0.0 0.21 0.215498
200605 0.0 0.21 0.215787
181654 0.0 0.21 0.21621
172893 0.0 0.21 0.216413
149996 0.0 0.21 0.21675
157327 0.0 0.21 0.216912
196540 0.0 0.21 0.217259
171497 0.0 0.21 0.217447
183383 0.0 0.21 0.217653
179396 0.0 0.21 0.217763
166764 0.0 0.21 0.217893
148255 0.0 0.21 0.217952
146744 0.0 0.21 0.218218
183281 0.0 0.21 0.218262
175448 0.0 0.21 0.218389
201792 0.0 0.21 0.219036
144748 0.0 0.21 0.219605
159740 0.0 0.21 0.219609
191249 0.0 0.21 0.219715
178101 1.0 0.78 0.219913
164898 0.0 0.21 0.219924
159757 0.0 0.22 0.22083
184064 0.0 0.22 0.221419
150659 0.0 0.22 0.221892
159261 0.0 0.22 0.221918
167221 0.0 0.22 0.222103
196818 0.0 0.22 0.222409
141711 0.0 0.22 0.222714
198612 0.0 0.22 0.222774
146699 0.0 0.22 0.222908
141368 0.0 0.22 0.223076
202982 0.0 0.22 0.223127
183762 0.0 0.22 0.223305
167798 0.0 0.22 0.223478
168843 0.0 0.22 0.223724
169619 1.0 0.77 0.223781
119573 0.0 0.22 0.223909
171784 0.0 0.22 0.224073
171281 0.0 0.22 0.22419
106144 0.0 0.22 0.224343
163625 0.0 0.22 0.224377
178340 0.0 0.22 0.224466
200571 0.0 0.22 0.224484
129377 0.0 0.22 0.224818
160431 0.0 0.22 0.225377
183681 0.0 0.22 0.225431
191775 0.0 0.22 0.226446
163928 0.0 0.22 0.226457
143247 0.0 0.22 0.226482
175027 0.0 0.22 0.226549
186865 0.0 0.22 0.226639
148885 0.0 0.22 0.226807
201619 0.0 0.22 0.226886
149597 0.0 0.22 0.227064
119971 0.0 0.22 0.227165
180724 0.0 0.22 0.227293
192401 0.0 0.22 0.227361
168573 1.0 0.77 0.228237
190988 0.0 0.22 0.228377
156241 0.0 0.22 0.228708
117249 1.0 0.77 0.229107
201773 0.0 0.22 0.229132
170222 1.0 0.77 0.229159
170468 0.0 0.22 0.229217
174042 0.0 0.22 0.229888
139483 1.0 0.76 0.2302
154686 0.0 0.23 0.230471
195995 0.0 0.23 0.230492
189391 0.0 0.23 0.230494
200454 0.0 0.23 0.230805
151778 0.0 0.23 0.23097
169036 0.0 0.23 0.231023
196731 0.0 0.23 0.231248
161675 0.0 0.23 0.23137
160259 0.0 0.23 0.231621
185459 0.0 0.23 0.23163
179694 0.0 0.23 0.231943
179357 0.0 0.23 0.232118
176990 0.0 0.23 0.232141
151002 0.0 0.23 0.232171
182568 0.0 0.23 0.232398
197273 1.0 0.76 0.232488
138016 1.0 0.76 0.232493
171267 0.0 0.23 0.232515
145904 1.0 0.76 0.232713
197556 1.0 0.76 0.233006
191608 0.0 0.23 0.233294
167893 0.0 0.23 0.233425
162633 0.0 0.23 0.233523
144803 0.0 0.23 0.233699
178598 0.0 0.23 0.23382
155720 1.0 0.76 0.234466
127223 1.0 0.76 0.234479
201933 0.0 0.23 0.234525
154140 0.0 0.23 0.235223
172713 0.0 0.23 0.235394
184705 0.0 0.23 0.235539
116816 1.0 0.76 0.236141
201320 0.0 0.23 0.23619
200995 1.0 0.76 0.236763
194300 0.0 0.23 0.236815
165902 0.0 0.23 0.237007
154922 0.0 0.23 0.23715
150550 1.0 0.76 0.237438
195402 0.0 0.23 0.237903
197162 0.0 0.23 0.237978
181111 0.0 0.23 0.238081
191694 0.0 0.23 0.238122
162358 0.0 0.23 0.238372
92508 1.0 0.76 0.238465
103929 0.0 0.23 0.238886
168736 0.0 0.23 0.238958
131380 0.0 0.23 0.239919
132687 0.0 0.24 0.240036
196066 0.0 0.24 0.240139
151734 0.0 0.24 0.240523
177308 0.0 0.24 0.241048
152878 0.0 0.24 0.241107
199479 1.0 0.75 0.241215
130459 0.0 0.24 0.241604
179856 0.0 0.24 0.241798
189341 0.0 0.24 0.242023
173440 0.0 0.24 0.242071
157343 0.0 0.24 0.242254
182504 0.0 0.24 0.242365
162353 0.0 0.24 0.242367
135954 1.0 0.75 0.242529
185595 0.0 0.24 0.242758
135119 0.0 0.24 0.242778
199294 0.0 0.24 0.242782
106967 1.0 0.75 0.242844
194933 1.0 0.75 0.242882
196963 1.0 0.75 0.242919
105696 0.0 0.24 0.242956
121587 0.0 0.24 0.242991
160892 0.0 0.24 0.243195
139908 0.0 0.24 0.243427
179242 0.0 0.24 0.243564
139930 0.0 0.24 0.243693
147798 0.0 0.24 0.244459
183783 0.0 0.24 0.24455
203233 0.0 0.24 0.244591
139163 1.0 0.75 0.244684
197972 1.0 0.75 0.244737
170326 0.0 0.24 0.244998
148209 0.0 0.24 0.246295
151477 0.0 0.24 0.246493
115176 0.0 0.24 0.246782
152516 0.0 0.24 0.24684
121478 0.0 0.24 0.246858
140433 0.0 0.24 0.246998
200983 0.0 0.24 0.247037
142191 0.0 0.24 0.247186
179671 0.0 0.24 0.247473
198354 0.0 0.24 0.248092
153822 0.0 0.24 0.248156
148463 0.0 0.24 0.248507
172462 0.0 0.24 0.248507
183438 0.0 0.24 0.248915
191944 0.0 0.24 0.249065
129832 1.0 0.75 0.249192
175368 0.0 0.24 0.249409
158742 0.0 0.24 0.249491
190887 0.0 0.24 0.249618
162561 0.0 0.24 0.249621
109651 1.0 0.74 0.25017
151273 0.0 0.25 0.250279
203251 0.0 0.25 0.25031
184601 0.0 0.25 0.250501
186969 0.0 0.25 0.25093
145955 0.0 0.25 0.25112
174952 0.0 0.25 0.251446
190929 0.0 0.25 0.251763
177253 0.0 0.25 0.252133
200240 0.0 0.25 0.252278
160403 0.0 0.25 0.252366
146787 0.0 0.25 0.252664
169364 0.0 0.25 0.253035
187586 0.0 0.25 0.253557
117065 0.0 0.25 0.253845
194299 0.0 0.25 0.25416
153811 0.0 0.25 0.254347
175445 0.0 0.25 0.254482
198031 0.0 0.25 0.254688
170019 0.0 0.25 0.254879
169287 0.0 0.25 0.254923
120785 1.0 0.74 0.255014
174771 0.0 0.25 0.255039
179927 0.0 0.25 0.255078
199938 0.0 0.25 0.255136
139396 0.0 0.25 0.255196
193296 0.0 0.25 0.255221
141760 0.0 0.25 0.255704
154419 0.0 0.25 0.256015
189552 0.0 0.25 0.256122
187485 0.0 0.25 0.256288
144253 0.0 0.25 0.256975
181826 0.0 0.25 0.257088
177113 0.0 0.25 0.25719
157757 0.0 0.25 0.257805
187970 0.0 0.25 0.258455
143445 0.0 0.25 0.25895
168645 0.0 0.25 0.259031
189289 0.0 0.25 0.259185
191826 0.0 0.25 0.259434
154957 0.0 0.25 0.259942
176270 0.0 0.26 0.260305
197995 0.0 0.26 0.260362
191999 1.0 0.73 0.260538
112051 0.0 0.26 0.26074
200237 0.0 0.26 0.260754
198414 0.0 0.26 0.260828
189657 0.0 0.26 0.261044
148266 0.0 0.26 0.261067
169429 0.0 0.26 0.261219
159944 0.0 0.26 0.261406
187784 0.0 0.26 0.261407
194518 0.0 0.26 0.261847
169621 0.0 0.26 0.261994
140958 0.0 0.26 0.262228
165775 0.0 0.26 0.262684
159408 0.0 0.26 0.262717
170817 0.0 0.26 0.263239
188523 0.0 0.26 0.263278
196969 0.0 0.26 0.263364
169495 0.0 0.26 0.263814
142077 0.0 0.26 0.264015
183170 0.0 0.26 0.264335
169881 0.0 0.26 0.264408
161263 0.0 0.26 0.264414
186450 0.0 0.26 0.264715
202745 0.0 0.26 0.264862
164904 0.0 0.26 0.265019
161782 0.0 0.26 0.265693
182982 0.0 0.26 0.265695
177251 0.0 0.26 0.265987
193032 0.0 0.26 0.266082
192565 0.0 0.26 0.266343
137813 0.0 0.26 0.266573
139161 1.0 0.73 0.266584
142457 0.0 0.26 0.266643
190437 0.0 0.26 0.266653
128233 1.0 0.73 0.266785
187561 0.0 0.26 0.266842
148256 0.0 0.26 0.266871
142661 0.0 0.26 0.266941
200734 1.0 0.73 0.2672
156283 0.0 0.26 0.267309
192128 0.0 0.26 0.267374
163270 0.0 0.26 0.267903
173010 0.0 0.26 0.267907
131943 0.0 0.26 0.268583
192355 1.0 0.73 0.268662
125360 0.0 0.26 0.269315
174074 0.0 0.26 0.269344
157185 0.0 0.26 0.269373
187471 0.0 0.27 0.27008
171358 0.0 0.27 0.270304
162817 0.0 0.27 0.27035
165450 0.0 0.27 0.270708
154477 0.0 0.27 0.270718
144431 0.0 0.27 0.270767
178613 0.0 0.27 0.270848
166655 0.0 0.27 0.271224
178283 0.0 0.27 0.271417
120677 1.0 0.72 0.271767
155612 0.0 0.27 0.272227
158948 0.0 0.27 0.272438
185274 0.0 0.27 0.272621
177552 0.0 0.27 0.272728
119531 1.0 0.72 0.272839
178247 0.0 0.27 0.27286
181099 0.0 0.27 0.272932
202277 0.0 0.27 0.272949
148646 0.0 0.27 0.273078
186642 0.0 0.27 0.273286
124250 0.0 0.27 0.27345
135351 0.0 0.27 0.273597
188355 0.0 0.27 0.273942
124290 0.0 0.27 0.274408
156467 0.0 0.27 0.274545
128141 0.0 0.27 0.27476
152890 0.0 0.27 0.274833
182077 0.0 0.27 0.274906
118146 0.0 0.27 0.274929
149778 0.0 0.27 0.275141
176316 0.0 0.27 0.275192
142914 0.0 0.27 0.275689
178018 0.0 0.27 0.275956
168339 0.0 0.27 0.276585
136749 0.0 0.27 0.276986
119474 0.0 0.27 0.277107
164075 0.0 0.27 0.27719
173261 0.0 0.27 0.277203
185168 0.0 0.27 0.277295
142572 0.0 0.27 0.277309
171290 0.0 0.27 0.277396
188495 0.0 0.27 0.277577
152082 0.0 0.27 0.278657
180774 0.0 0.27 0.278914
154967 0.0 0.27 0.279346
182490 0.0 0.27 0.279453
141261 0.0 0.27 0.279669
196796 0.0 0.27 0.279941
127893 0.0 0.27 0.279968
157856 1.0 0.71 0.280389
165683 0.0 0.28 0.280572
166494 0.0 0.28 0.280745
160631 1.0 0.71 0.281243
156279 0.0 0.28 0.281551
130850 0.0 0.28 0.281692
107496 1.0 0.71 0.281742
201956 0.0 0.28 0.28226
150252 0.0 0.28 0.282506
167220 0.0 0.28 0.282507
121583 1.0 0.71 0.282615
164884 0.0 0.28 0.282617
199115 0.0 0.28 0.282952
194986 0.0 0.28 0.283164
164489 0.0 0.28 0.283403
152394 0.0 0.28 0.283676
175873 0.0 0.28 0.284189
167045 0.0 0.28 0.285586
148400 0.0 0.28 0.285654
143080 0.0 0.28 0.285671
194747 1.0 0.71 0.285693
155146 0.0 0.28 0.285804
164670 0.0 0.28 0.285868
149153 0.0 0.28 0.286051
182972 0.0 0.28 0.28622
188526 0.0 0.28 0.287063
201568 0.0 0.28 0.2871
172318 0.0 0.28 0.287123
140163 0.0 0.28 0.287482
154776 0.0 0.28 0.288216
175268 0.0 0.28 0.288236
201791 0.0 0.28 0.288426
196882 0.0 0.28 0.288668
153906 0.0 0.28 0.288749
196801 0.0 0.28 0.288822
150565 1.0 0.71 0.289123
112478 1.0 0.71 0.289385
180492 0.0 0.28 0.289451
162266 0.0 0.28 0.289987
123160 1.0 0.70 0.290074
182188 0.0 0.29 0.290442
202852 0.0 0.29 0.290788
189976 0.0 0.29 0.291466
158351 0.0 0.29 0.291847
155154 0.0 0.29 0.292028
111817 1.0 0.70 0.292157
182349 0.0 0.29 0.292329
201769 0.0 0.29 0.292342
196746 0.0 0.29 0.292417
201008 0.0 0.29 0.292896
180555 0.0 0.29 0.293137
184590 0.0 0.29 0.293307
152556 0.0 0.29 0.293641
144531 0.0 0.29 0.293921
188783 1.0 0.70 0.294333
194474 0.0 0.29 0.294446
150455 0.0 0.29 0.294556
120883 1.0 0.70 0.294652
146726 0.0 0.29 0.295083
195633 0.0 0.29 0.296129
198701 0.0 0.29 0.296238
121206 0.0 0.29 0.296452
136400 1.0 0.70 0.296452
194069 0.0 0.29 0.296492
200839 0.0 0.29 0.296625
152294 1.0 0.70 0.29678
133964 0.0 0.29 0.297322
200420 0.0 0.29 0.297494
182724 0.0 0.29 0.297527
202835 0.0 0.29 0.298464
183018 0.0 0.29 0.298596
144514 0.0 0.29 0.298694
121420 1.0 0.70 0.29881
172510 0.0 0.29 0.299034
166416 0.0 0.29 0.299055
138704 0.0 0.29 0.299068
202548 0.0 0.29 0.299135
141337 0.0 0.29 0.299622
202812 0.0 0.29 0.29982
175335 0.0 0.29 0.299845
168062 0.0 0.30 0.300242
123242 1.0 0.69 0.300958
160337 0.0 0.30 0.301102
156358 0.0 0.30 0.301212
179090 0.0 0.30 0.301509
177006 0.0 0.30 0.301577
108363 1.0 0.69 0.301614
141169 0.0 0.30 0.30173
194219 0.0 0.30 0.302061
156323 0.0 0.30 0.302077
141089 0.0 0.30 0.30211
166719 0.0 0.30 0.302337
110363 1.0 0.69 0.302346
123412 1.0 0.69 0.302773
144886 0.0 0.30 0.303071
192320 0.0 0.30 0.303081
135953 0.0 0.30 0.30313
167123 1.0 0.69 0.303237
154732 0.0 0.30 0.303551
136798 0.0 0.30 0.303842
115537 1.0 0.69 0.30402
144832 1.0 0.69 0.304124
203165 0.0 0.30 0.304192
169681 0.0 0.30 0.304336
127149 0.0 0.30 0.304629
184875 0.0 0.30 0.30484
152857 0.0 0.30 0.304896
123002 0.0 0.30 0.305441
121491 1.0 0.69 0.305708
175034 0.0 0.30 0.305749
189979 0.0 0.30 0.305876
181962 0.0 0.30 0.305914
126364 1.0 0.69 0.306605
191421 0.0 0.30 0.306755
133723 0.0 0.30 0.306865
146716 0.0 0.30 0.306934
145795 0.0 0.30 0.307108
150246 0.0 0.30 0.307563
177464 0.0 0.30 0.307763
141170 1.0 0.69 0.307779
178464 0.0 0.30 0.307844
141516 0.0 0.30 0.307919
198881 0.0 0.30 0.308185
145549 1.0 0.69 0.308219
195830 0.0 0.30 0.308478
177477 0.0 0.30 0.30888
180587 0.0 0.30 0.308902
154844 0.0 0.30 0.30895
141939 0.0 0.30 0.309188
178059 0.0 0.30 0.309406
179816 0.0 0.30 0.309534
197133 0.0 0.30 0.30973
188487 0.0 0.30 0.309748
163884 0.0 0.31 0.310106
155035 0.0 0.31 0.310113
115855 0.0 0.31 0.310312
177865 0.0 0.31 0.310466
157688 0.0 0.31 0.310738
123033 0.0 0.31 0.310897
129734 0.0 0.31 0.311238
118601 0.0 0.31 0.311583
182706 0.0 0.31 0.311767
177394 0.0 0.31 0.311973
200291 0.0 0.31 0.312034
165502 0.0 0.31 0.312059
195357 0.0 0.31 0.312218
190923 0.0 0.31 0.312307
188614 0.0 0.31 0.31249
190946 0.0 0.31 0.312499
155907 0.0 0.31 0.312596
154665 0.0 0.31 0.312718
163693 0.0 0.31 0.312855
162321 0.0 0.31 0.31289
151462 0.0 0.31 0.313588
184108 0.0 0.31 0.313619
132560 0.0 0.31 0.314338
194276 0.0 0.31 0.314899
187004 0.0 0.31 0.315191
110907 1.0 0.68 0.315957
129978 1.0 0.68 0.316048
181467 0.0 0.31 0.316064
115786 0.0 0.31 0.31617
198068 0.0 0.31 0.316303
175321 0.0 0.31 0.316584
160682 0.0 0.31 0.31699
165928 0.0 0.31 0.317268
158125 0.0 0.31 0.317945
152810 0.0 0.31 0.318297
169091 0.0 0.31 0.318363
177130 0.0 0.31 0.318676
115539 1.0 0.68 0.31872
187628 0.0 0.31 0.31888
200910 0.0 0.31 0.318994
152115 0.0 0.31 0.319378
201359 0.0 0.31 0.319522
180380 0.0 0.31 0.319523
151290 0.0 0.31 0.31966
157201 0.0 0.31 0.319731
196468 0.0 0.31 0.31999
203173 0.0 0.32 0.320133
154821 1.0 0.67 0.320198
157751 0.0 0.32 0.320206
191817 1.0 0.67 0.32036
155561 0.0 0.32 0.320427
173532 0.0 0.32 0.3205
188379 0.0 0.32 0.320919
202565 0.0 0.32 0.321006
152873 0.0 0.32 0.321073
156349 0.0 0.32 0.321251
123787 0.0 0.32 0.321642
100979 1.0 0.67 0.321672
187242 0.0 0.32 0.321955
130882 0.0 0.32 0.322076
170535 0.0 0.32 0.322712
157752 0.0 0.32 0.32286
164035 0.0 0.32 0.322893
177884 0.0 0.32 0.323215
182609 0.0 0.32 0.323707
153813 0.0 0.32 0.323718
147056 1.0 0.67 0.324291
135084 0.0 0.32 0.324548
177003 0.0 0.32 0.324948
163134 0.0 0.32 0.32538
179002 0.0 0.32 0.325895
160429 0.0 0.32 0.326379
203140 0.0 0.32 0.327442
197562 0.0 0.32 0.327466
194169 0.0 0.32 0.327822
152805 0.0 0.32 0.32791
203051 0.0 0.32 0.327947
190944 0.0 0.32 0.327957
157179 0.0 0.32 0.327973
182749 0.0 0.32 0.328225
196007 0.0 0.32 0.328344
183704 0.0 0.32 0.328712
178664 0.0 0.32 0.328826
150070 0.0 0.32 0.328851
197893 0.0 0.32 0.329242
129008 0.0 0.32 0.329295
177157 0.0 0.32 0.329361
157649 0.0 0.32 0.329785
119295 1.0 0.66 0.330321
142645 0.0 0.33 0.330453
153927 0.0 0.33 0.331007
165954 0.0 0.33 0.331363
195406 0.0 0.33 0.331638
146529 0.0 0.33 0.331659
190520 0.0 0.33 0.331759
125324 0.0 0.33 0.331764
171869 0.0 0.33 0.332776
179996 0.0 0.33 0.333255
190789 0.0 0.33 0.33348
132510 0.0 0.33 0.333519
159319 0.0 0.33 0.333669
187421 0.0 0.33 0.33379
200785 0.0 0.33 0.334331
193243 0.0 0.33 0.334405
160575 0.0 0.33 0.33498
192122 0.0 0.33 0.335124
173302 0.0 0.33 0.335171
165908 0.0 0.33 0.336276
169128 0.0 0.33 0.336388
147188 0.0 0.33 0.337011
197099 0.0 0.33 0.337049
199491 0.0 0.33 0.337151
203423 0.0 0.33 0.337179
188125 0.0 0.33 0.33725
146751 1.0 0.66 0.337417
151777 0.0 0.33 0.337461
147064 0.0 0.33 0.337487
126788 0.0 0.33 0.337996
169773 0.0 0.33 0.33843
167228 0.0 0.33 0.338693
192309 1.0 0.66 0.33899
158842 0.0 0.33 0.339374
195572 0.0 0.33 0.339738
152385 0.0 0.33 0.339867
173614 0.0 0.33 0.339887
137985 0.0 0.34 0.340082
116814 0.0 0.34 0.340296
169325 0.0 0.34 0.34069
200873 0.0 0.34 0.340725
142313 0.0 0.34 0.340985
188888 0.0 0.34 0.341118
166660 0.0 0.34 0.341279
120919 0.0 0.34 0.34134
183058 0.0 0.34 0.341723
122968 1.0 0.65 0.341843
151404 0.0 0.34 0.34195
171163 0.0 0.34 0.34213
195624 0.0 0.34 0.342206
149764 0.0 0.34 0.342243
153503 0.0 0.34 0.343383
181045 0.0 0.34 0.343627
126552 0.0 0.34 0.343929
145244 0.0 0.34 0.344479
142527 0.0 0.34 0.345243
153333 0.0 0.34 0.345411
197516 1.0 0.65 0.345492
105051 0.0 0.34 0.345634
201282 0.0 0.34 0.345859
168308 0.0 0.34 0.345951
200797 0.0 0.34 0.346243
130666 0.0 0.34 0.346733
170782 0.0 0.34 0.34691
199860 0.0 0.34 0.346927
97339 0.0 0.34 0.347073
187565 0.0 0.34 0.347474
191388 0.0 0.34 0.347809
142335 0.0 0.34 0.34798
148578 0.0 0.34 0.348504
141171 0.0 0.34 0.348519
150036 0.0 0.34 0.348605
143898 0.0 0.34 0.348741
203166 0.0 0.34 0.349095
161492 0.0 0.34 0.349494
123922 1.0 0.65 0.349868
127614 0.0 0.35 0.350249
156900 0.0 0.35 0.35025
124352 0.0 0.35 0.350997
169237 1.0 0.64 0.351028
150694 0.0 0.35 0.351134
191873 0.0 0.35 0.351616
153032 0.0 0.35 0.351662
201559 1.0 0.64 0.351824
182799 0.0 0.35 0.351851
189125 0.0 0.35 0.352144
160041 1.0 0.64 0.352508
195726 0.0 0.35 0.352516
169467 0.0 0.35 0.352958
195508 0.0 0.35 0.353029
138951 1.0 0.64 0.353083
179091 0.0 0.35 0.353212
194607 0.0 0.35 0.354153
192387 1.0 0.64 0.35445
123469 0.0 0.35 0.355447
121991 0.0 0.35 0.355495
157187 0.0 0.35 0.356136
166633 0.0 0.35 0.356237
179014 0.0 0.35 0.356372
182163 0.0 0.35 0.356652
155965 1.0 0.64 0.356702
118779 0.0 0.35 0.356798
125577 1.0 0.64 0.356985
149488 0.0 0.35 0.357195
180848 0.0 0.35 0.357345
129246 0.0 0.35 0.35743
195298 0.0 0.35 0.357776
195773 0.0 0.35 0.358073
198868 0.0 0.35 0.358174
170549 0.0 0.35 0.359169
127810 0.0 0.36 0.360107
123031 0.0 0.36 0.360289
151109 1.0 0.63 0.360422
187060 1.0 0.63 0.360797
118863 0.0 0.36 0.361097
171118 0.0 0.36 0.361133
142618 0.0 0.36 0.361259
160823 0.0 0.36 0.361639
195085 0.0 0.36 0.361858
196312 0.0 0.36 0.361877
156500 0.0 0.36 0.362173
194574 1.0 0.63 0.36224
170347 0.0 0.36 0.362269
195681 0.0 0.36 0.362279
201705 0.0 0.36 0.362904
160421 0.0 0.36 0.363336
200877 0.0 0.36 0.363652
173616 0.0 0.36 0.363672
189729 0.0 0.36 0.365574
162686 0.0 0.36 0.365955
190803 0.0 0.36 0.366201
118428 0.0 0.36 0.366664
160394 0.0 0.36 0.367873
152557 0.0 0.36 0.367925
124047 0.0 0.36 0.368758
152811 0.0 0.36 0.369021
169894 0.0 0.36 0.369838
188605 0.0 0.37 0.370773
122818 0.0 0.37 0.371442
199638 1.0 0.62 0.372568
147787 1.0 0.62 0.372601
202724 0.0 0.37 0.372793
181634 0.0 0.37 0.373204
184566 0.0 0.37 0.373889
171223 0.0 0.37 0.374768
159555 0.0 0.37 0.375124
127820 1.0 0.62 0.375266
148794 1.0 0.62 0.375397
174109 0.0 0.37 0.375515
198172 0.0 0.37 0.375557
156566 0.0 0.37 0.375771
142550 0.0 0.37 0.376175
197769 0.0 0.37 0.376213
202523 0.0 0.37 0.3765
179077 0.0 0.37 0.376654
123859 0.0 0.37 0.376985
186619 0.0 0.37 0.377331
117159 1.0 0.62 0.377415
121519 1.0 0.62 0.377816
169986 0.0 0.37 0.37813
182197 0.0 0.37 0.378515
196956 0.0 0.37 0.379072
195736 1.0 0.62 0.379302
180244 0.0 0.37 0.379482
126933 0.0 0.37 0.379735
129805 0.0 0.38 0.380056
124072 0.0 0.38 0.380062
135003 0.0 0.38 0.380187
119719 0.0 0.38 0.380247
142624 0.0 0.38 0.380254
144972 1.0 0.61 0.38039
152865 0.0 0.38 0.380543
146441 0.0 0.38 0.380602
178450 0.0 0.38 0.380752
144040 0.0 0.38 0.380935
154364 0.0 0.38 0.380998
125917 0.0 0.38 0.381051
143699 0.0 0.38 0.381209
165240 0.0 0.38 0.382117
148274 0.0 0.38 0.382196
166917 0.0 0.38 0.382199
166816 0.0 0.38 0.382606
151728 0.0 0.38 0.382682
128232 0.0 0.38 0.382781
103855 0.0 0.38 0.383054
117198 0.0 0.38 0.383523
153630 0.0 0.38 0.383646
201108 0.0 0.38 0.383744
188964 1.0 0.61 0.384035
194289 0.0 0.38 0.384054
189993 0.0 0.38 0.384305
129581 0.0 0.38 0.384467
136892 0.0 0.38 0.385798
179148 0.0 0.38 0.385988
168255 0.0 0.38 0.386159
152152 0.0 0.38 0.386317
169234 0.0 0.38 0.387048
195067 1.0 0.61 0.387188
200180 0.0 0.38 0.38738
129659 0.0 0.38 0.387469
117981 0.0 0.38 0.38752
169213 0.0 0.38 0.387826
152128 0.0 0.38 0.387938
194659 0.0 0.38 0.387947
119861 0.0 0.38 0.388374
191778 0.0 0.38 0.388452
154413 0.0 0.38 0.388938
126598 0.0 0.38 0.389079
127757 0.0 0.38 0.389287
172485 0.0 0.38 0.389335
185982 0.0 0.38 0.389747
161016 0.0 0.38 0.389996
140588 0.0 0.39 0.390056
198578 0.0 0.39 0.390183
150942 0.0 0.39 0.390195
195636 0.0 0.39 0.39074
128294 0.0 0.39 0.392757
181645 1.0 0.60 0.392916
163728 0.0 0.39 0.393058
142778 0.0 0.39 0.393386
194099 0.0 0.39 0.393387
182977 0.0 0.39 0.393457
178158 0.0 0.39 0.393671
141845 0.0 0.39 0.393829
182082 0.0 0.39 0.39388
160106 0.0 0.39 0.394016
123287 0.0 0.39 0.394184
181968 0.0 0.39 0.394305
173524 0.0 0.39 0.394659
160423 0.0 0.39 0.395635
123110 0.0 0.39 0.396028
153478 0.0 0.39 0.396065
121429 1.0 0.60 0.396125
186872 0.0 0.39 0.39614
194303 0.0 0.39 0.396325
152112 0.0 0.39 0.396449
168165 0.0 0.39 0.396898
121425 0.0 0.39 0.396903
110758 0.0 0.39 0.397222
183868 0.0 0.39 0.397445
145944 0.0 0.39 0.397652
180417 0.0 0.39 0.397818
169295 0.0 0.39 0.397951
188290 0.0 0.39 0.398011
151289 0.0 0.39 0.398097
161910 0.0 0.39 0.398436
165627 0.0 0.39 0.398821
195826 0.0 0.39 0.398945
173507 0.0 0.39 0.399079
181142 0.0 0.39 0.399177
152290 0.0 0.39 0.399206
186874 0.0 0.39 0.399558
117133 0.0 0.40 0.400065
141361 1.0 0.59 0.400786
195389 0.0 0.40 0.401188
150216 0.0 0.40 0.401322
132325 0.0 0.40 0.401471
141235 0.0 0.40 0.401476
138893 0.0 0.40 0.401548
203383 0.0 0.40 0.401573
131045 0.0 0.40 0.402006
141842 0.0 0.40 0.402636
174080 1.0 0.59 0.402912
203261 0.0 0.40 0.403462
195887 0.0 0.40 0.403509
177599 0.0 0.40 0.403598
125344 0.0 0.40 0.403614
123617 0.0 0.40 0.403753
134306 0.0 0.40 0.403902
177471 1.0 0.59 0.404449
134544 1.0 0.59 0.404832
182074 0.0 0.40 0.405701
199498 0.0 0.40 0.405726
121000 0.0 0.40 0.405883
191224 1.0 0.59 0.406095
169785 0.0 0.40 0.406313
153561 0.0 0.40 0.406773
152470 0.0 0.40 0.406819
160640 0.0 0.40 0.407057
164127 0.0 0.40 0.407274
139202 0.0 0.40 0.40735
189539 0.0 0.40 0.407749
172242 0.0 0.40 0.408124
186514 0.0 0.40 0.408274
165000 0.0 0.40 0.408279
180689 0.0 0.40 0.408594
184480 0.0 0.40 0.408642
154219 0.0 0.40 0.408914
169203 1.0 0.59 0.408932
157694 0.0 0.40 0.409771
159295 0.0 0.41 0.410158
117069 0.0 0.41 0.410251
121494 0.0 0.41 0.410431
134414 0.0 0.41 0.410484
136700 1.0 0.58 0.410662
143250 0.0 0.41 0.410811
189931 0.0 0.41 0.411189
150277 0.0 0.41 0.411878
165375 0.0 0.41 0.41207
156474 0.0 0.41 0.412458
165911 0.0 0.41 0.412575
138199 0.0 0.41 0.412846
118602 1.0 0.58 0.414622
183511 1.0 0.58 0.414756
186875 0.0 0.41 0.415162
182865 1.0 0.58 0.415395
179052 0.0 0.41 0.41578
185491 0.0 0.41 0.416298
121439 0.0 0.41 0.416569
118591 0.0 0.41 0.416674
199456 0.0 0.41 0.416833
179741 0.0 0.41 0.4171
203159 0.0 0.41 0.417403
115465 0.0 0.41 0.417578
127736 1.0 0.58 0.418205
163355 0.0 0.41 0.418263
200986 0.0 0.41 0.418803
181763 0.0 0.41 0.419098
138160 0.0 0.41 0.419165
168515 0.0 0.41 0.419354
183819 0.0 0.41 0.419458
197065 0.0 0.42 0.420031
199734 0.0 0.42 0.420069
144178 0.0 0.42 0.420194
187009 0.0 0.42 0.42055
175922 0.0 0.42 0.420567
184714 0.0 0.42 0.420637
128944 0.0 0.42 0.420716
140452 1.0 0.57 0.42098
167868 0.0 0.42 0.421572
120437 1.0 0.57 0.421666
118753 0.0 0.42 0.421734
186440 0.0 0.42 0.421827
193250 0.0 0.42 0.421964
139165 0.0 0.42 0.422189
142970 0.0 0.42 0.422264
129836 1.0 0.57 0.422319
185811 0.0 0.42 0.422666
173022 0.0 0.42 0.423776
163754 0.0 0.42 0.424156
195479 1.0 0.57 0.424234
198300 0.0 0.42 0.42424
132177 0.0 0.42 0.424434
140349 0.0 0.42 0.424505
198249 0.0 0.42 0.424708
191096 0.0 0.42 0.426553
117961 0.0 0.42 0.42666
181392 0.0 0.42 0.426733
202719 0.0 0.42 0.426741
193179 0.0 0.42 0.426926
118593 0.0 0.42 0.427773
191188 0.0 0.42 0.428146
139800 0.0 0.42 0.428344
121630 0.0 0.42 0.42852
199210 1.0 0.57 0.428565
187450 0.0 0.42 0.429256
120685 1.0 0.56 0.430193
195346 0.0 0.43 0.430231
150304 0.0 0.43 0.430698
126245 0.0 0.43 0.431558
191965 0.0 0.43 0.431849
150140 0.0 0.43 0.431978
132745 1.0 0.56 0.43208
124399 0.0 0.43 0.432607
122864 1.0 0.56 0.433179
148141 0.0 0.43 0.433301
159808 0.0 0.43 0.433703
160665 0.0 0.43 0.434241
184069 0.0 0.43 0.434632
193584 0.0 0.43 0.434724
147887 0.0 0.43 0.434758
148157 1.0 0.56 0.435129
139224 0.0 0.43 0.435526
154832 0.0 0.43 0.435684
198684 0.0 0.43 0.435897
194365 0.0 0.43 0.43594
187097 0.0 0.43 0.436245
150545 0.0 0.43 0.43814
196610 0.0 0.43 0.438253
178307 0.0 0.43 0.438312
193523 0.0 0.43 0.439062
136900 0.0 0.43 0.439196
177765 0.0 0.43 0.439219
182986 0.0 0.43 0.439238
150107 0.0 0.43 0.43937
185860 0.0 0.43 0.439407
200259 0.0 0.43 0.439858
186478 0.0 0.43 0.439883
150722 1.0 0.55 0.440431
111986 0.0 0.44 0.440859
160396 0.0 0.44 0.441027
179207 0.0 0.44 0.441457
194789 0.0 0.44 0.441514
136905 0.0 0.44 0.441996
186455 0.0 0.44 0.442001
179992 0.0 0.44 0.443737
117079 0.0 0.44 0.444211
165874 0.0 0.44 0.444953
140702 0.0 0.44 0.44557
155402 0.0 0.44 0.446283
144170 0.0 0.44 0.446554
183557 0.0 0.44 0.446839
201802 0.0 0.44 0.447369
174807 0.0 0.44 0.448067
144010 0.0 0.44 0.448101
128400 0.0 0.44 0.448151
167828 0.0 0.44 0.448308
146736 0.0 0.44 0.448484
153277 0.0 0.44 0.448543
137076 0.0 0.44 0.449637
126816 1.0 0.55 0.449945
166824 0.0 0.45 0.450376
199735 0.0 0.45 0.450468
158583 0.0 0.45 0.450692
189634 0.0 0.45 0.451644
165594 0.0 0.45 0.451924
122930 0.0 0.45 0.453237
192470 0.0 0.45 0.453525
173552 0.0 0.45 0.453581
151949 0.0 0.45 0.453591
158993 0.0 0.45 0.453601
122878 0.0 0.45 0.453977
130296 0.0 0.45 0.454312
135560 0.0 0.45 0.454472
185200 0.0 0.45 0.454805
159848 0.0 0.45 0.454858
196740 0.0 0.45 0.455057
183533 0.0 0.45 0.456035
194199 0.0 0.45 0.456112
198386 0.0 0.45 0.456467
202822 0.0 0.45 0.456591
195630 0.0 0.45 0.456874
203285 0.0 0.45 0.457074
128411 0.0 0.45 0.457181
184975 0.0 0.45 0.457747
158755 0.0 0.45 0.45825
201319 0.0 0.45 0.458259
140886 0.0 0.45 0.4583
187781 1.0 0.54 0.458789
117076 0.0 0.45 0.459623
123058 0.0 0.46 0.460152
163348 0.0 0.46 0.46037
129625 0.0 0.46 0.460394
152503 0.0 0.46 0.460848
120726 1.0 0.53 0.461223
201425 0.0 0.46 0.461629
187509 0.0 0.46 0.461794
118164 0.0 0.46 0.461844
194120 0.0 0.46 0.461886
190714 1.0 0.53 0.462332
165505 0.0 0.46 0.463299
134720 0.0 0.46 0.463975
159705 0.0 0.46 0.463978
184399 0.0 0.46 0.464121
199954 0.0 0.46 0.464423
149453 0.0 0.46 0.464539
140087 0.0 0.46 0.464578
144963 0.0 0.46 0.466134
189126 1.0 0.53 0.466325
139883 0.0 0.46 0.4667
129685 0.0 0.46 0.466809
127658 0.0 0.46 0.466869
172063 0.0 0.46 0.466927
156063 0.0 0.46 0.467009
184579 0.0 0.46 0.467612
202591 0.0 0.46 0.467625
132777 1.0 0.53 0.467692
133672 0.0 0.46 0.467933
112564 1.0 0.53 0.46823
142720 0.0 0.46 0.468327
156689 0.0 0.46 0.468498
125696 0.0 0.46 0.468541
153033 0.0 0.46 0.468984
71411 1.0 0.53 0.469033
198124 0.0 0.46 0.469169
200489 0.0 0.46 0.469266
189944 0.0 0.46 0.469403
127684 0.0 0.46 0.469439
161757 0.0 0.46 0.469505
199075 0.0 0.46 0.469734
182954 0.0 0.46 0.469766
168661 0.0 0.46 0.469963
182559 0.0 0.47 0.470057
138410 1.0 0.52 0.470092
175164 0.0 0.47 0.471551
188001 0.0 0.47 0.471629
187262 0.0 0.47 0.471867
167755 0.0 0.47 0.473046
199751 1.0 0.52 0.473178
159362 0.0 0.47 0.473521
138786 0.0 0.47 0.473898
189781 0.0 0.47 0.473998
144486 0.0 0.47 0.47416
150657 0.0 0.47 0.474306
169491 0.0 0.47 0.47438
195118 1.0 0.52 0.474427
187520 0.0 0.47 0.474596
159942 0.0 0.47 0.474614
171354 0.0 0.47 0.474993
167949 0.0 0.47 0.478094
187208 0.0 0.47 0.478804
147892 0.0 0.47 0.479236
179922 0.0 0.47 0.479304
104228 1.0 0.52 0.479329
186862 0.0 0.47 0.479368
145329 0.0 0.47 0.479891
190758 0.0 0.48 0.480015
193613 0.0 0.48 0.480024
117071 0.0 0.48 0.480133
173916 0.0 0.48 0.480473
180915 0.0 0.48 0.480504
195039 0.0 0.48 0.480901
121373 1.0 0.51 0.481541
183899 0.0 0.48 0.481647
173052 0.0 0.48 0.481832
190919 0.0 0.48 0.482107
198224 0.0 0.48 0.482381
142844 1.0 0.51 0.482384
200242 0.0 0.48 0.482571
159522 0.0 0.48 0.482828
123045 0.0 0.48 0.482912
186912 0.0 0.48 0.483475
193021 0.0 0.48 0.483626
180560 0.0 0.48 0.483899
177605 0.0 0.48 0.483912
189814 0.0 0.48 0.484061
118598 0.0 0.48 0.484151
133031 0.0 0.48 0.484491
198419 0.0 0.48 0.484691
139686 0.0 0.48 0.484891
184689 0.0 0.48 0.485008
155820 0.0 0.48 0.485089
119180 0.0 0.48 0.485313
135635 0.0 0.48 0.485416
143810 0.0 0.48 0.485649
131283 0.0 0.48 0.485737
153652 1.0 0.51 0.486029
189378 0.0 0.48 0.486475
166582 0.0 0.48 0.487086
157542 0.0 0.48 0.487151
194924 0.0 0.48 0.487824
196325 0.0 0.48 0.488362
186349 0.0 0.48 0.48892
123366 0.0 0.48 0.489138
132104 1.0 0.51 0.489761
131654 0.0 0.48 0.489848
188207 0.0 0.49 0.490119
156903 0.0 0.49 0.490312
150881 1.0 0.50 0.490381
203292 0.0 0.49 0.490496
177459 0.0 0.49 0.490741
159207 0.0 0.49 0.491114
160077 0.0 0.49 0.49118
129559 0.0 0.49 0.491336
150751 0.0 0.49 0.491505
126897 0.0 0.49 0.49195
190703 0.0 0.49 0.492039
194820 1.0 0.50 0.492256
198895 0.0 0.49 0.492685
150875 0.0 0.49 0.49332
115387 0.0 0.49 0.493649
202996 1.0 0.50 0.493944
169319 0.0 0.49 0.493956
125951 0.0 0.49 0.4943
145749 0.0 0.49 0.494803
154930 0.0 0.49 0.49482
200825 1.0 0.50 0.494849
140612 0.0 0.49 0.496166
186991 0.0 0.49 0.496208
195967 0.0 0.49 0.496664
191996 0.0 0.49 0.497261
168269 0.0 0.49 0.497457
199534 0.0 0.49 0.497515
169078 0.0 0.49 0.49759
133005 0.0 0.49 0.498007
152317 0.0 0.49 0.498093
140207 0.0 0.49 0.498474
166617 0.0 0.49 0.498491
123351 0.0 0.49 0.498859
170380 0.0 0.49 0.498999
163977 0.0 0.49 0.499195
196728 0.0 0.49 0.49947
177363 0.0 0.49 0.499478
182282 0.0 0.50 0.500009
167121 1.0 0.49 0.500405
122152 0.0 0.50 0.500888
151872 0.0 0.50 0.501082
157720 0.0 0.50 0.501563
195522 0.0 0.50 0.501579
118161 0.0 0.50 0.502458
155687 0.0 0.50 0.502492
188943 0.0 0.50 0.502562
126636 0.0 0.50 0.503401
157339 0.0 0.50 0.503717
202577 0.0 0.50 0.504531
132049 0.0 0.50 0.505393
151193 0.0 0.50 0.505764
189778 0.0 0.50 0.505942
189034 0.0 0.50 0.506377
203408 0.0 0.50 0.50681
166094 0.0 0.50 0.50698
149422 0.0 0.50 0.507063
178210 0.0 0.50 0.507078
129519 0.0 0.50 0.507178
160709 0.0 0.50 0.507187
190401 0.0 0.50 0.50817
151354 1.0 0.49 0.509242
199799 1.0 0.49 0.509585
189277 1.0 0.48 0.510668
187819 0.0 0.51 0.511048
128180 0.0 0.51 0.5114
171821 0.0 0.51 0.511719
164528 0.0 0.51 0.512112
134840 0.0 0.51 0.512134
139784 0.0 0.51 0.512464
191564 0.0 0.51 0.513674
140649 0.0 0.51 0.513946
194533 1.0 0.48 0.51415
192102 0.0 0.51 0.515039
151166 0.0 0.51 0.51519
123543 0.0 0.51 0.515899
103949 0.0 0.51 0.516226
171162 0.0 0.51 0.517238
188351 0.0 0.51 0.517667
121553 1.0 0.48 0.517922
156640 0.0 0.51 0.518335
136575 0.0 0.51 0.518424
118147 0.0 0.51 0.518508
175083 0.0 0.51 0.518545
173472 0.0 0.51 0.518711
143574 0.0 0.51 0.518787
202672 0.0 0.51 0.51895
167165 0.0 0.51 0.519027
203139 0.0 0.52 0.520312
180199 0.0 0.52 0.520474
196323 1.0 0.47 0.520722
117942 0.0 0.52 0.520942
163742 0.0 0.52 0.521178
157806 0.0 0.52 0.521288
154145 0.0 0.52 0.52145
199420 0.0 0.52 0.521652
193760 0.0 0.52 0.5219
198673 1.0 0.47 0.522491
125545 1.0 0.47 0.522634
162570 0.0 0.52 0.522722
142639 0.0 0.52 0.523009
179722 0.0 0.52 0.523095
142119 0.0 0.52 0.523173
199911 1.0 0.47 0.523485
200946 0.0 0.52 0.523541
157269 1.0 0.47 0.523922
195929 0.0 0.52 0.52393
198176 0.0 0.52 0.524153
120945 0.0 0.52 0.524227
201462 0.0 0.52 0.524821
200041 0.0 0.52 0.525812
150131 0.0 0.52 0.526114
134653 0.0 0.52 0.526138
195185 1.0 0.47 0.526343
202698 0.0 0.52 0.527294
191561 0.0 0.52 0.527416
188309 1.0 0.47 0.527448
184531 0.0 0.52 0.527572
135993 0.0 0.52 0.527732
118617 0.0 0.52 0.528094
158721 0.0 0.52 0.52817
136033 0.0 0.52 0.529078
189189 0.0 0.53 0.530181
108777 1.0 0.46 0.530795
161508 0.0 0.53 0.531128
201406 0.0 0.53 0.531367
189528 0.0 0.53 0.531373
157748 0.0 0.53 0.531426
131948 0.0 0.53 0.531956
186889 0.0 0.53 0.531976
152517 0.0 0.53 0.532031
156521 0.0 0.53 0.532199
195841 0.0 0.53 0.532837
148533 0.0 0.53 0.534396
144517 0.0 0.53 0.534568
127196 1.0 0.46 0.535019
184779 0.0 0.53 0.535062
130255 0.0 0.53 0.53633
130301 0.0 0.53 0.536399
199619 0.0 0.53 0.536554
153036 0.0 0.53 0.537077
155606 0.0 0.53 0.537503
184462 0.0 0.53 0.537594
142889 0.0 0.53 0.538083
159975 0.0 0.53 0.538782
123117 0.0 0.54 0.540104
170363 1.0 0.45 0.54136
173226 0.0 0.54 0.542008
151819 0.0 0.54 0.542039
146179 0.0 0.54 0.542189
174417 0.0 0.54 0.542598
203193 0.0 0.54 0.542612
125584 0.0 0.54 0.542629
149824 0.0 0.54 0.543438
194565 0.0 0.54 0.543864
199742 1.0 0.45 0.544813
196128 1.0 0.45 0.545284
67195 0.0 0.54 0.546144
129735 0.0 0.54 0.54625
190035 0.0 0.54 0.546414
141577 0.0 0.54 0.546847
177366 0.0 0.54 0.547181
144488 0.0 0.54 0.547349
123282 0.0 0.54 0.54748
196663 1.0 0.45 0.547637
118558 0.0 0.54 0.547708
201291 0.0 0.54 0.548716
182416 0.0 0.54 0.548724
199138 0.0 0.54 0.548744
169232 0.0 0.54 0.54896
199097 0.0 0.54 0.549095
150532 1.0 0.45 0.549246
139168 0.0 0.54 0.549965
165569 0.0 0.55 0.550672
153788 0.0 0.55 0.551575
179689 0.0 0.55 0.551756
187429 0.0 0.55 0.551885
153182 0.0 0.55 0.552249
188394 0.0 0.55 0.552834
121187 0.0 0.55 0.552893
199519 0.0 0.55 0.553276
180243 0.0 0.55 0.554358
126035 0.0 0.55 0.554658
143561 0.0 0.55 0.555206
199781 0.0 0.55 0.555488
203155 0.0 0.55 0.555892
166784 0.0 0.55 0.556125
151873 0.0 0.55 0.556822
127244 0.0 0.55 0.556856
179655 0.0 0.55 0.556999
165945 0.0 0.55 0.557012
143271 0.0 0.55 0.557258
178231 0.0 0.55 0.557712
153325 0.0 0.55 0.557837
119292 0.0 0.55 0.558019
190912 0.0 0.55 0.558022
132109 1.0 0.44 0.558058
186653 0.0 0.55 0.558568
196238 0.0 0.55 0.559235
201323 1.0 0.44 0.559656
173624 0.0 0.55 0.559664
128964 0.0 0.55 0.559734
199586 0.0 0.55 0.559816
138037 0.0 0.55 0.559873
179034 0.0 0.56 0.560093
133023 0.0 0.56 0.560418
116490 1.0 0.43 0.561101
200863 0.0 0.56 0.561664
156869 0.0 0.56 0.56219
199504 1.0 0.43 0.562373
152088 0.0 0.56 0.562917
157768 0.0 0.56 0.562967
199139 0.0 0.56 0.563994
198625 0.0 0.56 0.564234
151203 0.0 0.56 0.564287
190748 0.0 0.56 0.56441
191796 0.0 0.56 0.564489
191368 0.0 0.56 0.564675
144107 0.0 0.56 0.56476
164861 0.0 0.56 0.564886
192148 1.0 0.43 0.565137
145615 0.0 0.56 0.565344
165382 0.0 0.56 0.566226
149648 0.0 0.56 0.56647
118738 0.0 0.56 0.566538
192499 0.0 0.56 0.566882
194929 1.0 0.43 0.567113
194919 0.0 0.56 0.567993
194749 1.0 0.43 0.568215
141481 0.0 0.56 0.568238
202531 0.0 0.56 0.568789
193067 1.0 0.43 0.568813
172036 0.0 0.56 0.568875
161801 0.0 0.56 0.569246
167360 0.0 0.56 0.569255
180962 0.0 0.56 0.569426
118929 0.0 0.56 0.569711
135129 0.0 0.57 0.570843
125347 1.0 0.42 0.571716
158010 0.0 0.57 0.572129
121056 0.0 0.57 0.573197
141834 0.0 0.57 0.573339
138210 0.0 0.57 0.573378
144672 0.0 0.57 0.574246
182974 0.0 0.57 0.574462
157713 1.0 0.42 0.575233
105594 0.0 0.57 0.57608
148132 0.0 0.57 0.576196
201361 0.0 0.57 0.576242
140241 0.0 0.57 0.576458
100978 0.0 0.57 0.576563
190713 1.0 0.42 0.576618
117485 0.0 0.57 0.576657
196870 0.0 0.57 0.577408
181975 0.0 0.57 0.578101
128340 0.0 0.57 0.578353
163965 0.0 0.57 0.578382
169023 0.0 0.57 0.578488
171335 0.0 0.57 0.578505
175449 0.0 0.57 0.578769
162542 0.0 0.58 0.581251
156344 0.0 0.58 0.584619
200865 0.0 0.58 0.585094
177472 0.0 0.58 0.58558
181383 0.0 0.58 0.585597
191094 0.0 0.58 0.586104
125551 1.0 0.41 0.586305
185830 0.0 0.58 0.586339
191959 0.0 0.58 0.586344
147447 0.0 0.58 0.586604
194262 0.0 0.58 0.587125
191857 0.0 0.58 0.587132
194807 1.0 0.41 0.587317
203149 0.0 0.58 0.587427
197325 1.0 0.41 0.588599
188086 0.0 0.58 0.589104
156583 1.0 0.41 0.589109
126539 0.0 0.58 0.589805
202830 0.0 0.58 0.589862
187502 1.0 0.40 0.590528
132072 0.0 0.59 0.590762
120702 1.0 0.40 0.591249
147939 0.0 0.59 0.591694
180209 0.0 0.59 0.5918
130778 0.0 0.59 0.591998
142210 0.0 0.59 0.592085
186314 1.0 0.40 0.592344
126849 0.0 0.59 0.593938
189138 0.0 0.59 0.594135
140938 0.0 0.59 0.595375
117080 0.0 0.59 0.595676
113600 0.0 0.59 0.596622
184789 0.0 0.59 0.597504
193231 0.0 0.59 0.597541
142413 0.0 0.59 0.597784
121382 0.0 0.59 0.597848
157422 0.0 0.59 0.597851
121453 0.0 0.60 0.601151
202202 0.0 0.60 0.601272
139819 0.0 0.60 0.602295
140890 0.0 0.60 0.602963
157244 1.0 0.39 0.603148
148957 0.0 0.60 0.603216
198651 0.0 0.60 0.604354
158580 0.0 0.60 0.604831
158918 0.0 0.60 0.605145
165675 0.0 0.60 0.605148
106114 0.0 0.60 0.606054
200258 0.0 0.60 0.606166
186879 0.0 0.60 0.607046
196829 1.0 0.39 0.607297
199593 0.0 0.60 0.60787
172033 0.0 0.60 0.608585
200874 0.0 0.61 0.610091
186383 0.0 0.61 0.610552
198550 1.0 0.38 0.611587
203455 0.0 0.61 0.611931
112944 0.0 0.61 0.612412
191492 0.0 0.61 0.614147
163629 0.0 0.61 0.614286
178555 0.0 0.61 0.615385
149703 0.0 0.61 0.615533
199699 0.0 0.61 0.615822
156793 0.0 0.61 0.616026
120449 0.0 0.61 0.616743
196431 0.0 0.61 0.616874
131230 1.0 0.38 0.617089
178509 0.0 0.61 0.618012
137648 0.0 0.61 0.618675
129590 0.0 0.61 0.618976
185524 0.0 0.61 0.619296
96652 0.0 0.62 0.620347
157121 0.0 0.62 0.620354
128955 0.0 0.62 0.620589
111807 0.0 0.62 0.621356
170984 0.0 0.62 0.623086
186496 0.0 0.62 0.62351
183229 0.0 0.62 0.625288
185173 1.0 0.37 0.62705
138420 0.0 0.62 0.627437
115467 0.0 0.62 0.627445
150032 0.0 0.62 0.628155
148528 0.0 0.62 0.628192
183810 1.0 0.37 0.628447
169344 0.0 0.62 0.628845
160109 0.0 0.62 0.628949
120929 0.0 0.62 0.628995
126738 1.0 0.37 0.62932
195238 0.0 0.62 0.629644
194988 0.0 0.62 0.629655
151998 1.0 0.37 0.629804
199149 1.0 0.36 0.630025
180730 0.0 0.63 0.630808
178711 0.0 0.63 0.632152
189787 1.0 0.36 0.633002
165350 0.0 0.63 0.633446
122733 0.0 0.63 0.633571
150024 0.0 0.63 0.634552
120521 1.0 0.36 0.634879
155491 0.0 0.63 0.636279
197961 0.0 0.63 0.636324
122193 0.0 0.63 0.637216
144041 0.0 0.63 0.639744
156504 0.0 0.64 0.640317
189558 0.0 0.64 0.640432
136335 0.0 0.64 0.640919
129868 0.0 0.64 0.640974
157042 0.0 0.64 0.642421
182557 0.0 0.64 0.642721
158374 0.0 0.64 0.642873
162913 0.0 0.64 0.643008
123779 0.0 0.64 0.643338
191912 1.0 0.35 0.643805
129238 0.0 0.64 0.644255
195175 0.0 0.64 0.644994
117491 0.0 0.64 0.645053
202025 1.0 0.35 0.645617
196490 0.0 0.64 0.645728
164365 0.0 0.64 0.645864
119371 1.0 0.35 0.646015
123618 0.0 0.64 0.646074
129647 0.0 0.64 0.646308
123349 0.0 0.64 0.646359
145249 0.0 0.64 0.646393
189487 0.0 0.64 0.646971
174877 0.0 0.64 0.647295
191346 1.0 0.35 0.647448
121514 0.0 0.64 0.64763
120865 0.0 0.64 0.648433
181521 0.0 0.64 0.648537
157178 1.0 0.35 0.649884
157011 0.0 0.65 0.650664
130326 0.0 0.65 0.6511
145026 0.0 0.65 0.651377
156108 0.0 0.65 0.651569
122732 0.0 0.65 0.652402
67037 0.0 0.65 0.652865
116703 0.0 0.65 0.653555
129075 0.0 0.65 0.6537
112895 0.0 0.65 0.654016
127443 0.0 0.65 0.654201
148752 1.0 0.34 0.654214
194672 0.0 0.65 0.654391
202970 0.0 0.65 0.654967
196891 0.0 0.65 0.656003
137217 1.0 0.34 0.657431
201803 0.0 0.65 0.657959
196998 0.0 0.65 0.658434
196107 1.0 0.34 0.659124
122895 1.0 0.34 0.659261
203359 0.0 0.66 0.660482
200397 0.0 0.66 0.661692
200804 0.0 0.66 0.662349
129023 0.0 0.66 0.66264
112513 0.0 0.66 0.662668
177314 0.0 0.66 0.662692
187198 0.0 0.66 0.663053
200434 0.0 0.66 0.663169
124431 0.0 0.66 0.664257
197610 0.0 0.66 0.665289
174879 0.0 0.66 0.665512
148023 0.0 0.66 0.665744
158903 0.0 0.66 0.665845
152318 0.0 0.66 0.666553
136468 0.0 0.66 0.666669
177762 0.0 0.66 0.666686
126362 0.0 0.66 0.666798
120896 0.0 0.66 0.667984
195245 0.0 0.66 0.668253
118158 0.0 0.66 0.669802
182999 0.0 0.67 0.670935
201435 0.0 0.67 0.671168
144230 0.0 0.67 0.671304
158235 0.0 0.67 0.671526
199130 0.0 0.67 0.672856
156024 0.0 0.67 0.673289
158432 0.0 0.67 0.673747
195794 0.0 0.67 0.674277
203449 0.0 0.67 0.674576
127378 0.0 0.67 0.67641
148016 0.0 0.67 0.677198
126357 0.0 0.67 0.677595
115989 0.0 0.67 0.677659
141974 0.0 0.67 0.677862
203223 0.0 0.67 0.678178
158710 1.0 0.32 0.6784
203224 0.0 0.67 0.678512
138964 0.0 0.67 0.678883
132552 1.0 0.32 0.679031
139687 1.0 0.32 0.679143
187969 0.0 0.68 0.681198
201535 0.0 0.68 0.68122
170020 0.0 0.68 0.681394
192090 1.0 0.31 0.682759
179926 0.0 0.68 0.682929
137094 0.0 0.68 0.683485
147498 0.0 0.68 0.684248
117274 1.0 0.31 0.684398
164888 0.0 0.68 0.684789
166068 0.0 0.68 0.685495
117987 0.0 0.68 0.686834
193664 1.0 0.31 0.687837
121581 0.0 0.68 0.687981
193397 0.0 0.68 0.68825
196864 0.0 0.69 0.69018
133514 0.0 0.69 0.690811
191387 1.0 0.30 0.690989
188802 0.0 0.69 0.691826
123102 0.0 0.69 0.692182
115863 0.0 0.69 0.692219
161500 0.0 0.69 0.692614
181442 0.0 0.69 0.694029
159673 0.0 0.69 0.694034
167200 0.0 0.69 0.695502
143936 0.0 0.69 0.696099
169673 1.0 0.30 0.696107
191292 0.0 0.69 0.696689
135341 0.0 0.69 0.698098
201275 1.0 0.30 0.698308
126687 0.0 0.69 0.699339
143325 1.0 0.30 0.69937
193409 0.0 0.70 0.701309
121893 0.0 0.70 0.702361
154117 0.0 0.70 0.702466
141151 0.0 0.70 0.703143
121063 0.0 0.70 0.703708
129691 0.0 0.70 0.705311
198685 0.0 0.70 0.705351
169642 0.0 0.70 0.706313
129956 0.0 0.70 0.706646
141062 0.0 0.70 0.706702
156685 0.0 0.70 0.707762
158005 0.0 0.70 0.70862
198977 0.0 0.70 0.708726
201073 0.0 0.70 0.708916
185152 0.0 0.71 0.71107
177255 1.0 0.28 0.71143
150080 1.0 0.28 0.712503
131997 0.0 0.71 0.713655
150781 0.0 0.71 0.713953
145907 1.0 0.28 0.714781
134745 0.0 0.71 0.715394
121388 0.0 0.71 0.715683
158731 0.0 0.71 0.716198
108856 0.0 0.71 0.716341
125338 0.0 0.71 0.716395
137832 1.0 0.28 0.71695
167430 0.0 0.71 0.719091
95791 0.0 0.71 0.719255
150795 0.0 0.71 0.719567
137599 0.0 0.72 0.7224
149010 0.0 0.72 0.723093
179679 0.0 0.72 0.723431
198100 0.0 0.72 0.723851
166336 0.0 0.72 0.723854
188928 0.0 0.72 0.724156
156280 0.0 0.72 0.724344
196628 0.0 0.72 0.725816
131290 0.0 0.72 0.728839
152326 0.0 0.72 0.728869
162647 0.0 0.73 0.730241
121789 1.0 0.26 0.730635
199465 0.0 0.73 0.731019
135254 0.0 0.73 0.732563
139302 0.0 0.73 0.733664
177214 0.0 0.73 0.734079
121492 0.0 0.73 0.734359
199599 0.0 0.73 0.736194
179139 0.0 0.73 0.737068
189791 1.0 0.26 0.737777
193471 0.0 0.73 0.738939
126266 0.0 0.73 0.739679
196958 0.0 0.74 0.740304
184023 0.0 0.74 0.740432
144706 0.0 0.74 0.741107
198947 0.0 0.74 0.741722
188455 1.0 0.25 0.742469
179127 0.0 0.74 0.742611
179146 1.0 0.25 0.743597
150716 0.0 0.74 0.743974
198540 0.0 0.74 0.744719
177209 0.0 0.74 0.745191
158955 0.0 0.74 0.745221
118644 0.0 0.74 0.745409
120817 0.0 0.74 0.7496
201981 0.0 0.74 0.74966
137342 0.0 0.74 0.749719
185985 0.0 0.75 0.750455
160750 0.0 0.75 0.750784
151329 0.0 0.75 0.751904
186317 0.0 0.75 0.753608
132852 0.0 0.75 0.7538
158200 0.0 0.75 0.755444
144698 0.0 0.75 0.75663
198590 0.0 0.75 0.75763
194685 0.0 0.75 0.758087
95784 0.0 0.75 0.758363
117028 0.0 0.75 0.758754
195098 1.0 0.24 0.75923
190778 0.0 0.76 0.761298
187176 0.0 0.76 0.762523
119865 0.0 0.76 0.762613
104927 0.0 0.76 0.763666
141851 0.0 0.76 0.764088
167062 1.0 0.23 0.764334
169303 0.0 0.76 0.766505
120738 0.0 0.76 0.767124
144182 0.0 0.76 0.76793
121016 0.0 0.76 0.769531
96715 0.0 0.77 0.770123
144049 0.0 0.77 0.770703
191361 0.0 0.77 0.770728
130693 0.0 0.77 0.770904
159279 0.0 0.77 0.771488
95787 0.0 0.77 0.771887
129953 0.0 0.77 0.77238
156753 0.0 0.77 0.772556
115551 0.0 0.77 0.772752
194576 0.0 0.77 0.772906
121210 0.0 0.77 0.773453
183186 0.0 0.77 0.774091
148441 0.0 0.77 0.774655
141672 0.0 0.77 0.774806
134796 0.0 0.77 0.774905
126824 0.0 0.77 0.77523
124034 0.0 0.77 0.77565
198906 0.0 0.77 0.776841
120909 0.0 0.77 0.777053
188081 0.0 0.78 0.780688
128124 0.0 0.78 0.781127
129739 0.0 0.78 0.781437
125387 0.0 0.78 0.782692
123162 0.0 0.78 0.783182
115533 0.0 0.78 0.784055
123823 0.0 0.78 0.785905
192458 0.0 0.78 0.788323
193469 0.0 0.78 0.788969
191058 0.0 0.79 0.790135
122154 0.0 0.79 0.790609
153390 0.0 0.79 0.792271
188488 1.0 0.20 0.793427
200557 0.0 0.79 0.79361
173349 0.0 0.79 0.793819
152991 0.0 0.79 0.79555
123049 0.0 0.79 0.797707
184092 0.0 0.79 0.7978
193452 0.0 0.79 0.799902
108368 0.0 0.80 0.801945
153748 0.0 0.80 0.802293
192062 1.0 0.19 0.803139
122190 0.0 0.80 0.803565
169739 0.0 0.80 0.805914
198165 1.0 0.19 0.809089
117129 0.0 0.81 0.813024
150994 1.0 0.18 0.813967
166347 0.0 0.81 0.815313
149981 1.0 0.18 0.817667
193301 1.0 0.18 0.817986
139176 0.0 0.81 0.819105
203502 0.0 0.81 0.819305
129673 0.0 0.82 0.820556
156581 0.0 0.82 0.82116
152758 1.0 0.17 0.823508
166733 0.0 0.82 0.824167
173755 0.0 0.82 0.825094
195538 0.0 0.82 0.825292
96944 0.0 0.82 0.826664
118042 0.0 0.83 0.833412
187007 1.0 0.16 0.833964
165257 1.0 0.16 0.8344
196599 0.0 0.83 0.835603
107514 0.0 0.83 0.835779
201153 0.0 0.83 0.837766
200527 0.0 0.84 0.840968
189906 0.0 0.84 0.841331
138788 1.0 0.15 0.84194
187291 0.0 0.84 0.842794
150797 1.0 0.15 0.842841
153596 0.0 0.84 0.843644
143333 1.0 0.15 0.845532
200549 0.0 0.85 0.851289
144287 0.0 0.85 0.85337
138433 0.0 0.85 0.855074
134437 0.0 0.85 0.857406
174071 1.0 0.14 0.858503
183152 0.0 0.85 0.85884
113351 0.0 0.85 0.858936
195135 1.0 0.13 0.860556
123475 0.0 0.86 0.860691
152389 0.0 0.86 0.86185
122990 0.0 0.86 0.86241
125536 1.0 0.13 0.865645
96520 0.0 0.86 0.867887
142766 0.0 0.86 0.868502
108726 0.0 0.86 0.868837
128145 0.0 0.86 0.869245
120870 0.0 0.86 0.869706
198531 1.0 0.12 0.872191
142980 1.0 0.12 0.872362
156546 0.0 0.87 0.874531
194770 1.0 0.12 0.874576
149501 1.0 0.12 0.875513
199265 1.0 0.12 0.87863
186404 1.0 0.11 0.881317
169208 1.0 0.11 0.881975
123940 0.0 0.88 0.885912
157972 0.0 0.88 0.887259
169417 0.0 0.88 0.88845
93044 0.0 0.88 0.889588
168214 0.0 0.89 0.891709
155596 0.0 0.89 0.893234
196017 0.0 0.90 0.904223
149836 1.0 0.09 0.9084628
197504 0.0 0.91 0.913078
192473 1.0 0.08 0.9144073
198259 1.0 0.08 0.9169803
148717 0.0 0.91 0.919792
105663 0.0 0.92 0.920346
174340 1.0 0.07 0.9250228
131310 1.0 0.06 0.9335467
171877 1.0 0.06 0.9345758
156445 0.0 0.93 0.935281
155718 0.0 0.93 0.937544
147072 0.0 0.93 0.938772
110199 0.0 0.95 0.959385
144206 0.0 0.96 0.964296
189916 1.0 0.00 0.99733836
